desc: I1 cache:         32768 B, 64 B, 8-way associative
desc: D1 cache:         32768 B, 64 B, 8-way associative
desc: LL cache:         3145728 B, 64 B, 12-way associative
cmd: ./tp0
events: Ir I1mr ILmr Dr D1mr DLmr Dw D1mw DLmw 
fl=/build/eglibc-oGUzwX/eglibc-2.19/csu/../csu/init-first.c
fn=_init
52 8 1 1 0 0 0 4 0 0
58 4 1 1 1 1 0 1 1 1
65 5 1 1 4 0 0 0 0 0
70 1 0 0 0 0 0 1 1 1
71 1 0 0 0 0 0 1 0 0
72 2 0 0 1 1 0 1 1 1
86 4 0 0 0 0 0 1 0 0
94 1 0 0 0 0 0 1 0 0
99 6 0 0 5 0 0 0 0 0
fl=/build/eglibc-oGUzwX/eglibc-2.19/csu/../sysdeps/generic/dl-hash.h
fn=_init
43 1 0 0 0 0 0 0 0 0
44 1 0 0 0 0 0 0 0 0
45 13 0 0 4 0 0 0 0 0
48 12 0 0 0 0 0 0 0 0
49 8 0 0 0 0 0 0 0 0
62 8 0 0 0 0 0 0 0 0
67 1 1 1 0 0 0 0 0 0
fl=/build/eglibc-oGUzwX/eglibc-2.19/csu/../sysdeps/unix/sysv/linux/x86_64/init-first.c
fn=_init
38 7 1 1 0 0 0 4 0 0
40 4 0 0 0 0 0 1 0 0
41 2 0 0 0 0 0 0 0 0
42 2 1 1 0 0 0 0 0 0
43 2 1 1 1 0 0 0 0 0
44 1 0 0 0 0 0 1 1 0
46 3 0 0 0 0 0 1 0 0
50 3 0 0 0 0 0 0 0 0
51 2 0 0 1 0 0 0 0 0
52 1 0 0 0 0 0 1 0 0
fl=/build/eglibc-oGUzwX/eglibc-2.19/csu/../sysdeps/x86_64/multiarch/init-arch.c
fn=__init_cpu_features
31 7 1 1 0 0 0 4 0 0
37 3 0 0 0 0 0 0 0 0
38 3 0 0 0 0 0 0 0 0
39 2 0 0 0 0 0 0 0 0
45 1 0 0 0 0 0 1 0 0
54 3 1 1 0 0 0 1 0 0
57 6 0 0 0 0 0 0 0 0
59 3 0 0 0 0 0 0 0 0
65 3 0 0 0 0 0 0 0 0
66 2 1 1 0 0 0 0 0 0
71 2 0 0 0 0 0 0 0 0
74 12 1 1 0 0 0 0 0 0
101 2 1 1 0 0 0 0 0 0
123 1 0 0 1 1 1 0 0 0
127 1 1 1 0 0 0 0 0 0
152 2 1 1 1 0 0 0 0 0
153 7 0 0 0 0 0 4 0 0
160 3 0 0 1 0 0 0 0 0
164 2 0 0 0 0 0 0 0 0
166 3 1 1 0 0 0 0 0 0
170 2 1 1 0 0 0 0 0 0
171 1 0 0 1 0 0 0 0 0
173 2 0 0 0 0 0 0 0 0
176 2 0 0 1 0 0 0 0 0
184 6 1 1 0 0 0 0 0 0
185 5 0 0 0 0 0 0 0 0
186 2 0 0 0 0 0 0 0 0
189 1 0 0 0 0 0 1 0 0
190 1 0 0 0 0 0 1 0 0
192 1 0 0 0 0 0 1 0 0
193 2 0 0 2 0 0 0 0 0
fl=/build/eglibc-oGUzwX/eglibc-2.19/csu/libc-start.c
fn=(below main)
133 10 1 1 0 0 0 8 0 0
137 7 2 2 1 0 0 1 0 0
219 2 0 0 0 0 0 0 0 0
220 4 0 0 0 0 0 1 0 0
242 6 0 0 2 0 0 0 0 0
245 2 0 0 0 0 0 0 0 0
246 5 1 1 4 0 0 1 0 0
250 4 0 0 2 0 0 0 0 0
265 2 0 0 0 0 0 0 0 0
274 2 0 0 0 0 0 1 0 0
275 2 1 1 0 0 0 0 0 0
280 2 0 0 1 1 0 1 0 0
281 2 0 0 1 1 0 1 0 0
284 2 0 0 0 0 0 1 0 0
287 6 0 0 5 0 0 1 0 0
321 2 0 0 0 0 0 1 0 0
fl=/build/eglibc-oGUzwX/eglibc-2.19/ctype/ctype-info.c
fn=__ctype_init
31 7 2 2 5 3 0 1 0 0
33 4 0 0 2 1 0 1 0 0
35 5 1 1 3 0 0 1 0 0
fl=/build/eglibc-oGUzwX/eglibc-2.19/elf/../elf/dl-runtime.c
fn=_dl_fixup
66 65 2 2 0 0 0 39 0 0
68 13 0 0 13 0 0 0 0 0
69 26 0 0 26 8 0 0 0 0
72 65 0 0 26 13 0 0 0 0
73 91 0 0 26 11 0 13 0 0
74 39 1 1 26 5 0 0 0 0
79 26 0 0 0 0 0 0 0 0
83 26 0 0 13 10 5 0 0 0
85 2 0 0 0 0 0 0 0 0
87 39 0 0 13 7 0 0 0 0
91 24 0 0 24 11 0 0 0 0
92 48 1 1 12 4 0 0 0 0
94 48 0 0 12 6 0 0 0 0
100 13 0 0 0 0 0 0 0 0
101 39 0 0 13 1 0 0 0 0
108 26 0 0 13 5 0 13 0 0
111 130 1 1 26 7 0 39 2 0
115 39 0 0 13 0 0 0 0 0
119 52 2 1 13 0 0 13 0 0
125 78 0 0 26 0 0 0 0 0
133 13 0 0 13 0 0 0 0 0
141 52 0 0 13 0 0 0 0 0
145 39 0 0 13 2 0 0 0 0
149 65 0 0 52 0 0 0 0 0
fl=/build/eglibc-oGUzwX/eglibc-2.19/elf/../elf/dl-sysdep.c
fn=_dl_sysdep_start
86 8 1 1 0 0 0 7 1 1
87 2 0 0 0 0 0 0 0 0
88 1 0 0 0 0 0 0 0 0
110 1 0 0 0 0 0 1 0 0
111 234 1 1 76 10 10 4 3 3
114 2 0 0 0 0 0 1 0 0
115 1 0 0 0 0 0 1 1 1
117 90 4 4 23 5 5 10 0 0
118 111 0 0 21 3 3 0 0 0
121 1 0 0 1 0 0 0 0 0
122 1 0 0 0 0 0 0 0 0
124 1 0 0 1 0 0 0 0 0
125 1 0 0 0 0 0 0 0 0
127 1 1 1 1 0 0 0 0 0
128 1 0 0 0 0 0 0 0 0
130 1 0 0 1 0 0 0 0 0
131 1 0 0 0 0 0 0 0 0
151 1 1 1 1 0 0 0 0 0
152 1 0 0 0 0 0 0 0 0
154 1 0 0 1 0 0 0 0 0
155 1 0 0 0 0 0 0 0 0
157 1 1 1 1 0 0 0 0 0
158 1 0 0 0 0 0 0 0 0
163 1 0 0 1 0 0 0 0 0
164 1 0 0 0 0 0 0 0 0
179 1 0 0 1 0 0 0 0 0
180 1 0 0 0 0 0 0 0 0
232 3 1 1 0 0 0 2 0 0
234 5 0 0 0 0 0 1 0 0
246 3 1 1 1 0 0 0 0 0
249 6 0 0 2 0 0 1 0 0
250 1 0 0 1 1 0 0 0 0
251 8 0 0 7 1 0 0 0 0
fn=_dl_sysdep_start_cleanup
256 1 1 1 1 0 0 0 0 0
fl=/build/eglibc-oGUzwX/eglibc-2.19/elf/../misc/sbrk.c
fn=sbrk
34 4 1 1 0 0 0 2 0 0
42 6 0 0 2 0 0 0 0 0
46 2 1 1 0 0 0 0 0 0
57 5 0 0 3 0 0 0 0 0
fl=/build/eglibc-oGUzwX/eglibc-2.19/elf/../sysdeps/unix/sysv/linux/dl-osinfo.h
fn=security_init
61 2 0 0 0 0 0 0 0 0
84 2 1 1 1 0 0 1 0 0
86 1 1 1 1 0 0 0 0 0
93 1 0 0 1 0 0 0 0 0
101 2 0 0 0 0 0 0 0 0
112 1 0 0 1 0 0 0 0 0
fl=/build/eglibc-oGUzwX/eglibc-2.19/elf/../sysdeps/unix/sysv/linux/dl-sysdep.c
fn=_dl_discover_osversion
45 7 1 1 0 0 0 6 0 0
47 3 0 0 1 0 0 0 0 0
87 5 1 1 0 0 0 1 1 1
102 1 0 0 0 0 0 0 0 0
106 1 0 0 0 0 0 0 0 0
107 1 0 0 0 0 0 0 0 0
109 12 1 1 3 1 1 0 0 0
111 6 0 0 0 0 0 0 0 0
113 17 0 0 4 0 0 0 0 0
115 1 0 0 0 0 0 0 0 0
116 2 0 0 0 0 0 0 0 0
119 3 0 0 0 0 0 0 0 0
120 3 0 0 0 0 0 0 0 0
121 3 0 0 0 0 0 0 0 0
123 13 1 1 0 0 0 0 0 0
128 2 0 0 0 0 0 0 0 0
132 8 0 0 7 0 0 0 0 0
fn=_dl_sysdep_start
35 2 0 0 0 0 0 1 1 1
fl=/build/eglibc-oGUzwX/eglibc-2.19/elf/../sysdeps/unix/sysv/linux/dl-vdso.c
fn=_dl_vdso_vsym
26 4 0 0 0 0 0 0 0 0
27 8 1 1 8 1 0 0 0 0
28 8 1 1 4 0 0 0 0 0
31 8 0 0 0 0 0 0 0 0
fl=/build/eglibc-oGUzwX/eglibc-2.19/elf/../sysdeps/unix/sysv/linux/x86_64/brk.c
fn=brk
28 1 0 0 0 0 0 0 0 0
31 7 1 1 0 0 0 1 1 1
33 2 0 0 0 0 0 0 0 0
39 1 0 0 0 0 0 0 0 0
40 1 0 0 1 0 0 0 0 0
fl=/build/eglibc-oGUzwX/eglibc-2.19/elf/../sysdeps/x86_64/dl-machine.h
fn=_dl_fixup
210 13 1 1 0 0 0 13 0 0
fn=_dl_relocate_object
71 16 0 0 4 0 0 0 0 0
77 6 1 1 6 2 0 0 0 0
81 9 1 1 3 3 2 0 0 0
87 3 0 0 0 0 0 3 0 0
95 9 0 0 3 0 0 0 0 0
108 6 0 0 0 0 0 3 0 0
111 12 1 1 3 2 0 0 0 0
244 206 0 0 0 0 0 0 0 0
265 206 1 1 0 0 0 0 0 0
269 206 0 0 0 0 0 0 0 0
276 4133 11 11 820 84 74 726 3 0
278 470 1 1 194 0 0 0 0 0
281 388 0 0 97 0 0 0 0 0
287 721 0 0 103 3 3 0 0 0
320 2 1 1 0 0 0 0 0 0
321 3 0 0 1 0 0 1 0 0
382 30 1 1 10 0 0 0 0 0
386 50 1 1 10 1 0 0 0 0
391 50 0 0 20 1 1 10 8 8
410 267 1 1 89 11 10 89 11 6
422 18 0 0 0 0 0 6 0 0
449 9 1 1 3 0 0 0 0 0
453 18 0 0 9 0 0 3 0 0
455 9 0 0 6 0 0 0 0 0
456 3 0 0 0 0 0 0 0 0
487 3582 0 0 1194 299 299 0 0 0
492 2388 0 0 0 0 0 0 0 0
493 3582 0 0 1194 149 149 1194 228 226
503 67 0 0 36 0 0 0 0 0
507 62 0 0 0 0 0 0 0 0
509 93 0 0 31 0 0 0 0 0
510 31 0 0 31 4 3 0 0 0
527 10 0 0 10 1 1 0 0 0
529 5 0 0 0 0 0 5 0 0
530 5 0 0 0 0 0 5 0 0
fn=_dl_start
58 3 0 0 1 1 1 0 0 0
241 9 1 1 0 0 0 0 0 0
269 18 0 0 0 0 0 0 0 0
278 36 0 0 18 2 2 0 0 0
281 36 0 0 9 5 5 0 0 0
287 55 0 0 9 2 2 0 0 0
391 9 1 1 9 1 1 0 0 0
400 9 0 0 0 0 0 9 2 2
492 20 0 0 10 1 1 0 0 0
493 30 0 0 10 1 1 10 2 2
fn=_dl_sysdep_start
200 5 0 0 2 1 1 0 0 0
fl=/build/eglibc-oGUzwX/eglibc-2.19/elf/../sysdeps/x86_64/dl-trampoline.S
fn=_dl_runtime_resolve
34 13 1 1 0 0 0 0 0 0
36 13 0 0 0 0 0 13 2 0
37 13 0 0 0 0 0 13 0 0
38 13 0 0 0 0 0 13 0 0
39 13 0 0 0 0 0 13 0 0
40 13 0 0 0 0 0 13 0 0
41 13 1 1 0 0 0 13 0 0
42 13 0 0 0 0 0 13 0 0
43 13 0 0 13 0 0 0 0 0
44 13 0 0 13 0 0 0 0 0
45 13 0 0 0 0 0 13 0 0
46 13 0 0 0 0 0 0 0 0
47 13 0 0 13 0 0 0 0 0
48 13 0 0 13 0 0 0 0 0
49 13 0 0 13 0 0 0 0 0
50 13 0 0 13 0 0 0 0 0
51 13 0 0 13 0 0 0 0 0
52 13 0 0 13 0 0 0 0 0
53 13 0 0 13 0 0 0 0 0
54 13 0 0 0 0 0 0 0 0
56 13 1 1 0 0 0 0 0 0
fl=/build/eglibc-oGUzwX/eglibc-2.19/elf/dl-addr.c
fn=_dl_addr
30 2 0 0 1 0 0 1 0 0
31 2 0 0 1 0 0 1 0 0
34 2 0 0 1 0 0 0 0 0
38 1 0 0 1 0 0 0 0 0
39 1 0 0 1 0 0 0 0 0
40 3 1 1 2 0 0 1 0 0
42 2 0 0 2 0 0 0 0 0
45 2 0 0 1 1 0 0 0 0
50 2029 0 0 2 0 0 0 0 0
52 1011 1 1 1011 59 20 0 0 0
53 2022 0 0 0 0 0 0 0 0
55 4930 0 0 905 0 0 0 0 0
61 11075 0 0 2215 475 428 0 0 0
63 8860 1 1 2215 0 0 0 0 0
64 16270 0 0 5089 353 320 0 0 0
69 2215 0 0 0 0 0 0 0 0
71 7656 1 1 2215 133 79 0 0 0
99 3 0 0 1 1 0 0 0 0
100 1 0 0 0 0 0 1 1 0
101 3 1 1 1 1 0 0 0 0
104 2 0 0 0 0 0 0 0 0
116 1 1 1 0 0 0 1 0 0
117 1 0 0 0 0 0 1 0 0
126 11 1 1 0 0 0 8 0 0
131 3 1 1 2 1 0 1 0 0
133 2 0 0 0 0 0 1 0 0
135 2 0 0 0 0 0 0 0 0
138 2 1 1 0 0 0 0 0 0
141 3 0 0 2 2 0 1 0 0
144 9 1 1 7 0 0 0 0 0
fl=/build/eglibc-oGUzwX/eglibc-2.19/elf/dl-altinit.c
fn=dlinit_alt
33 3 0 0 2 0 0 0 0 0
34 1 0 0 1 0 0 0 0 0
fl=/build/eglibc-oGUzwX/eglibc-2.19/elf/dl-cache.c
fn=_dl_cache_libcmp
138 33 1 1 22 9 9 0 0 0
139 118 0 0 0 0 0 0 0 0
141 171 0 0 0 0 0 0 0 0
143 61 0 0 0 0 0 0 0 0
149 6 1 1 0 0 0 0 0 0
150 4 0 0 0 0 0 0 0 0
151 8 0 0 2 0 0 0 0 0
153 10 1 1 2 0 0 0 0 0
155 4 0 0 0 0 0 0 0 0
161 110 1 1 0 0 0 0 0 0
163 202 0 0 92 1 1 0 0 0
164 9 0 0 0 0 0 0 0 0
167 46 0 0 0 0 0 0 0 0
168 46 0 0 0 0 0 0 0 0
171 4 0 0 0 0 0 0 0 0
172 22 0 0 11 0 0 0 0 0
fn=_dl_load_cache_lookup
182 8 1 1 0 0 0 6 0 0
190 2 0 0 1 0 0 0 0 0
193 3 0 0 1 0 0 0 0 0
196 5 1 1 0 0 0 1 0 0
204 5 0 0 1 0 0 0 0 0
205 6 1 1 0 0 0 1 0 0
209 1 0 0 0 0 0 1 0 0
212 4 0 0 1 0 0 0 0 0
215 2 0 0 0 0 0 1 0 0
216 3 0 0 0 0 0 0 0 0
217 5 1 1 0 0 0 1 0 0
219 2 0 0 0 0 0 0 0 0
244 3 1 1 1 0 0 0 0 0
253 5 0 0 2 0 0 1 0 0
259 4 0 0 0 0 0 2 0 0
263 7 1 1 2 0 0 2 0 0
264 6 0 0 3 0 0 0 0 0
278 248 9 9 32 9 9 12 0 0
294 2 1 1 1 0 0 0 0 0
299 9 0 0 7 0 0 0 0 0
fn=_dl_unload_cache
308 1 0 0 0 0 0 0 0 0
309 4 1 1 1 1 0 0 0 0
311 2 0 0 1 1 0 1 0 0
312 1 0 0 0 0 0 1 0 0
314 2 0 0 1 0 0 0 0 0
fl=/build/eglibc-oGUzwX/eglibc-2.19/elf/dl-debug.c
fn=_dl_debug_initialize
50 8 1 1 0 0 0 0 0 0
51 4 1 1 4 0 0 0 0 0
55 14 0 0 4 1 0 0 0 0
58 1 0 0 0 0 0 1 0 0
59 2 0 0 0 0 0 1 0 0
60 6 0 0 2 0 0 1 0 0
61 2 0 0 0 0 0 1 0 0
fn=_dl_debug_state
74 2 0 0 2 0 0 0 0 0
fl=/build/eglibc-oGUzwX/eglibc-2.19/elf/dl-deps.c
fn=_dl_map_object_deps
147 11 2 2 0 0 0 9 0 0
148 9 0 0 0 0 0 1 0 0
160 6 0 0 0 0 0 2 0 0
161 2 1 1 0 0 0 2 0 0
162 10 0 0 0 0 0 3 0 0
164 1 0 0 0 0 0 0 0 0
168 8 1 1 2 0 0 2 0 0
178 8 0 0 1 0 0 0 0 0
179 1 0 0 1 0 0 0 0 0
182 3 0 0 0 0 0 2 0 0
188 1 0 0 0 0 0 1 0 0
189 1 0 0 0 0 0 1 0 0
201 2 1 1 1 0 0 1 0 0
202 1 0 0 0 0 0 0 0 0
203 1 0 0 0 0 0 1 0 0
204 2 1 1 0 0 0 2 0 0
209 4 0 0 0 0 0 0 0 0
210 4 0 0 0 0 0 0 0 0
213 4 1 1 0 0 0 4 0 0
217 16 1 1 8 0 0 0 0 0
218 17 1 1 7 0 0 0 0 0
220 2 0 0 0 0 0 0 0 0
222 6 0 0 4 0 0 0 0 0
224 26 1 1 2 0 0 4 0 0
229 16 0 0 8 0 0 0 0 0
231 6 0 0 4 0 0 2 0 0
236 2 0 0 0 0 0 2 0 0
237 2 0 0 0 0 0 2 0 0
238 4 0 0 2 0 0 2 0 0
239 4 0 0 2 0 0 2 0 0
242 206 1 1 54 0 0 2 0 0
243 96 1 1 0 0 0 0 0 0
249 14 0 0 4 0 0 2 0 0
251 2 0 0 0 0 0 2 0 0
254 12 1 1 8 0 0 2 0 0
256 6 0 0 2 0 0 0 0 0
271 2 0 0 2 0 0 0 0 0
273 4 0 0 2 0 0 0 0 0
278 6 1 1 0 0 0 0 0 0
281 2 0 0 0 0 0 2 0 0
282 2 0 0 0 0 0 2 0 0
283 2 0 0 0 0 0 2 0 0
284 4 0 0 2 0 0 2 0 0
286 8 1 1 2 0 0 2 0 0
288 10 0 0 2 0 0 4 0 0
292 4 0 0 0 0 0 0 0 0
293 3 0 0 0 0 0 1 0 0
295 138 2 2 0 0 0 0 0 0
343 9 0 0 0 0 0 4 0 0
471 8 0 0 0 0 0 0 0 0
473 6 0 0 0 0 0 2 0 0
475 4 0 0 0 0 0 2 0 0
476 4 1 1 0 0 0 0 0 0
477 4 0 0 0 0 0 0 0 0
480 2 0 0 0 0 0 2 0 0
481 12 0 0 0 0 0 2 0 0
482 10 0 0 0 0 0 2 0 0
485 2 0 0 0 0 0 2 0 0
486 2 0 0 2 0 0 0 0 0
490 16 1 1 8 0 0 0 0 0
492 4 1 1 4 0 0 0 0 0
493 17 0 0 3 0 0 0 0 0
497 6 0 0 2 0 0 0 0 0
498 2 0 0 1 0 0 1 0 0
501 5 1 1 2 0 0 1 0 0
511 2 1 1 0 0 0 1 0 0
512 3 0 0 1 0 0 0 0 0
514 2 0 0 0 0 0 0 0 0
519 7 0 0 2 0 0 1 0 0
520 4 0 0 1 0 0 1 0 0
522 23 1 1 9 0 0 1 0 0
528 12 0 0 4 0 0 4 1 1
532 8 0 0 8 0 0 0 0 0
535 2 0 0 1 0 0 0 0 0
586 6 1 1 3 0 0 1 0 0
587 1 1 1 0 0 0 1 0 0
588 3 0 0 1 0 0 0 0 0
623 7 1 1 1 0 0 2 0 0
625 3 0 0 0 0 0 0 0 0
629 16 1 1 6 0 0 3 0 0
630 8 2 2 0 0 0 2 0 0
631 3 0 0 1 0 0 1 0 0
635 3 0 0 3 0 0 0 0 0
636 6 0 0 3 0 0 0 0 0
642 17 0 0 3 0 0 0 0 0
644 12 0 0 6 0 0 0 0 0
645 8 0 0 0 0 0 0 0 0
647 9 0 0 3 0 0 0 0 0
648 6 0 0 0 0 0 0 0 0
658 2 2 2 2 0 0 0 0 0
670 3 1 1 0 0 0 0 0 0
673 9 0 0 3 0 0 0 0 0
676 35 0 0 9 0 0 9 0 0
683 2 0 0 1 0 0 1 0 0
685 2 0 0 1 0 0 1 0 0
686 1 0 0 1 0 0 0 0 0
687 3 0 0 1 0 0 0 0 0
694 3 0 0 1 0 0 0 0 0
697 2 0 0 0 0 0 0 0 0
700 8 0 0 7 0 0 0 0 0
fn=openaux
60 4 1 1 0 0 0 2 0 0
63 20 0 0 8 0 0 4 0 0
64 4 1 1 2 0 0 0 0 0
67 2 0 0 2 0 0 0 0 0
68 4 0 0 4 0 0 0 0 0
fl=/build/eglibc-oGUzwX/eglibc-2.19/elf/dl-environ.c
fn=_dl_next_ld_env_entry
30 3 1 1 3 0 0 0 0 0
31 1 0 0 0 0 0 0 0 0
33 227 0 0 75 0 0 0 0 0
35 148 0 0 74 35 35 0 0 0
36 22 1 1 10 1 1 0 0 0
38 2 0 0 0 0 0 0 0 0
41 4 0 0 0 0 0 2 0 0
43 2 0 0 2 0 0 0 0 0
46 72 0 0 0 0 0 0 0 0
50 1 0 0 1 0 0 0 0 0
fl=/build/eglibc-oGUzwX/eglibc-2.19/elf/dl-error.c
fn=_dl_catch_error
163 12 1 1 0 0 0 9 0 0
175 6 0 0 0 0 0 6 3 3
176 6 0 0 0 0 0 6 0 0
177 6 1 1 0 0 0 6 0 0
178 6 0 0 0 0 0 3 1 1
180 6 0 0 3 0 0 6 0 0
181 6 0 0 3 0 0 3 0 0
182 6 0 0 0 0 0 3 0 0
185 18 0 0 0 0 0 3 0 0
187 9 1 1 6 0 0 3 0 0
188 9 0 0 6 0 0 3 0 0
189 6 0 0 3 0 0 3 0 0
190 6 0 0 3 0 0 3 0 0
191 6 0 0 3 0 0 3 0 0
199 12 0 0 6 0 0 0 0 0
fn=_dl_receive_error
205 10 1 1 0 0 0 6 0 0
206 2 0 0 1 0 0 1 0 0
210 1 0 0 1 0 0 0 0 0
211 1 0 0 1 0 0 0 0 0
214 1 0 0 0 0 0 1 0 0
215 1 1 1 0 0 0 1 0 0
217 2 0 0 0 0 0 1 0 0
219 1 0 0 0 0 0 1 0 0
220 1 0 0 0 0 0 1 0 0
221 8 0 0 7 0 0 0 0 0
fl=/build/eglibc-oGUzwX/eglibc-2.19/elf/dl-fini.c
fn=_dl_fini
131 8 2 2 0 0 0 6 0 0
143 1 0 0 0 0 0 0 0 0
144 1 0 0 0 0 0 1 0 0
150 1 0 0 0 0 0 1 0 0
153 12 1 1 2 1 0 2 0 0
156 2 0 0 1 1 0 1 0 0
159 2 1 1 2 1 0 0 0 0
162 2 0 0 0 0 0 0 0 0
164 6 0 0 3 0 0 0 0 0
171 2 0 0 1 0 0 0 0 0
175 4 0 0 1 0 0 0 0 0
177 2 0 0 1 0 0 0 0 0
180 9 1 1 0 0 0 1 0 0
183 2 0 0 0 0 0 1 0 0
191 12 0 0 4 0 0 0 0 0
193 8 0 0 4 0 0 0 0 0
195 8 1 1 4 0 0 0 0 0
197 12 0 0 4 0 0 4 0 0
198 4 0 0 0 0 0 4 2 0
199 4 0 0 4 0 0 0 0 0
203 4 0 0 4 0 0 0 0 0
205 2 0 0 1 0 0 0 0 0
210 6 1 1 2 0 0 1 0 0
219 2 0 0 1 0 0 1 0 0
223 13 0 0 5 0 0 0 0 0
225 4 0 0 4 0 0 0 0 0
227 12 0 0 4 0 0 0 0 0
230 8 0 0 0 0 0 4 0 0
233 12 1 1 4 2 0 0 0 0
234 4 1 1 2 2 0 0 0 0
237 4 0 0 2 0 0 0 0 0
244 4 0 0 0 0 0 0 0 0
248 4 0 0 4 1 0 0 0 0
249 2 0 0 2 0 0 0 0 0
250 4 0 0 2 0 0 0 0 0
251 12 0 0 0 0 0 0 0 0
252 4 1 1 2 2 0 2 0 0
256 6 0 0 2 2 0 0 0 0
257 6 0 0 4 2 0 2 0 0
262 24 0 0 8 1 0 0 0 0
278 8 1 1 4 0 0 0 0 0
283 6 0 0 2 0 0 0 0 0
289 2 2 2 1 0 0 0 0 0
296 8 0 0 7 0 0 0 0 0
fn=_dl_sort_fini
32 13 2 2 0 0 0 10 0 0
34 2 0 0 0 0 0 0 0 0
39 4 0 0 0 0 0 1 0 0
40 6 0 0 0 0 0 1 0 0
41 3 0 0 1 0 0 1 0 0
45 9 0 0 3 0 0 3 0 0
46 9 0 0 3 0 0 0 0 0
50 15 1 1 6 0 0 0 0 0
56 14 1 1 4 0 0 1 0 0
57 14 0 0 0 0 0 0 0 0
59 12 0 0 6 1 0 0 0 0
60 8 0 0 0 0 0 0 0 0
62 9 0 0 3 1 0 0 0 0
63 6 0 0 0 0 0 0 0 0
93 9 1 1 3 0 0 0 0 0
114 3 0 0 0 0 0 0 0 0
118 16 0 0 3 0 0 0 0 0
121 27 1 1 11 0 0 6 0 0
125 8 0 0 7 0 0 0 0 0
fl=/build/eglibc-oGUzwX/eglibc-2.19/elf/dl-hwcaps.c
fn=_dl_important_hwcaps
39 12 2 2 0 0 0 10 2 2
41 1 0 0 1 0 0 0 0 0
42 4 0 0 0 0 0 1 0 0
51 3 0 0 1 0 0 0 0 0
61 4 2 2 1 0 0 1 0 0
92 2 1 1 0 0 0 0 0 0
113 1 1 1 0 0 0 0 0 0
115 5 0 0 0 0 0 1 0 0
130 6 1 1 0 0 0 0 0 0
131 2 0 0 0 0 0 0 0 0
133 2 0 0 0 0 0 0 0 0
145 2 1 1 0 0 0 0 0 0
162 2 1 1 0 0 0 0 0 0
170 2 1 1 1 0 0 0 0 0
172 4 1 1 1 0 0 1 0 0
173 4 0 0 1 0 0 1 0 0
177 3 0 0 0 0 0 1 0 0
178 1 0 0 0 0 0 1 0 0
181 2 0 0 0 0 0 0 0 0
184 2 1 1 0 0 0 0 0 0
188 12 0 0 2 0 0 3 0 0
189 2 0 0 0 0 0 0 0 0
207 12 2 2 1 0 0 6 0 0
208 5 0 0 0 0 0 1 0 0
209 4 0 0 2 0 0 0 0 0
238 3 1 1 0 0 0 2 0 0
241 2 0 0 0 0 0 0 0 0
243 5 2 2 2 0 0 2 0 0
244 7 0 0 2 0 0 4 0 0
269 19 1 1 3 0 0 0 0 0
270 8 1 1 0 0 0 4 0 0
274 12 0 0 0 0 0 0 0 0
277 28 1 1 0 0 0 0 0 0
278 24 0 0 0 0 0 0 0 0
279 12 0 0 8 0 0 0 0 0
281 4 1 1 0 0 0 0 0 0
284 3 0 0 1 0 0 0 0 0
285 1 0 0 0 0 0 0 0 0
286 12 2 2 3 0 0 0 0 0
299 6 0 0 2 0 0 2 0 0
300 2 0 0 0 0 0 0 0 0
302 4 0 0 0 0 0 0 0 0
305 3 0 0 2 0 0 1 0 0
307 1 0 0 0 0 0 0 0 0
308 8 0 0 7 0 0 0 0 0
fl=/build/eglibc-oGUzwX/eglibc-2.19/elf/dl-init.c
fn=_dl_init
36 26 1 1 5 0 0 4 0 0
86 11 1 1 0 0 0 6 0 0
87 1 0 0 1 1 0 0 0 0
88 1 0 0 1 0 0 0 0 0
91 3 0 0 1 0 0 0 0 0
94 2 0 0 0 0 0 1 0 0
98 4 1 1 1 0 0 0 0 0
125 15 0 0 0 0 0 0 0 0
126 12 0 0 8 0 0 0 0 0
132 8 0 0 7 0 0 0 0 0
fn=call_init.part.0
34 36 0 0 0 0 0 20 0 0
42 12 1 1 4 0 0 4 0 0
45 16 0 0 8 1 0 0 0 0
46 3 1 1 0 0 0 0 0 0
50 9 0 0 3 3 0 0 0 0
51 2 0 0 1 1 0 0 0 0
55 4 0 0 2 0 0 0 0 0
63 4 0 0 0 0 0 0 0 0
64 12 1 1 4 2 0 2 0 0
67 2 0 0 2 2 0 0 0 0
68 4 0 0 0 0 0 0 0 0
74 6 0 0 4 1 0 0 0 0
76 4 0 0 4 0 0 0 0 0
77 16 0 0 0 0 0 0 0 0
78 15 1 1 3 1 0 3 0 0
80 24 0 0 24 0 0 0 0 0
fl=/build/eglibc-oGUzwX/eglibc-2.19/elf/dl-load.c
fn=_dl_init_paths
714 9 1 1 0 0 0 6 0 0
727 6 1 1 2 0 0 2 0 0
731 1 0 0 0 0 0 1 0 0
732 3 0 0 0 0 0 1 0 0
733 2 0 0 0 0 0 0 0 0
740 5 0 0 0 0 0 0 0 0
741 5 1 1 1 0 0 2 0 0
744 1 0 0 0 0 0 1 0 0
745 2 0 0 0 0 0 1 0 0
747 3 0 0 1 0 0 0 0 0
753 1 0 0 0 0 0 1 0 0
754 1 0 0 0 0 0 1 0 0
762 13 0 0 0 0 0 3 1 1
764 8 1 1 0 0 0 4 0 0
765 7 0 0 0 0 0 4 3 3
767 8 1 1 0 0 0 4 0 0
768 14 1 1 3 1 1 4 1 1
769 33 0 0 4 0 0 13 0 0
772 9 0 0 3 1 1 0 0 0
776 27 1 1 15 0 0 5 0 0
782 1 0 0 0 0 0 1 1 1
783 1 0 0 0 0 0 1 0 0
787 1 1 1 1 0 0 0 0 0
788 2 0 0 0 0 0 0 0 0
790 4 0 0 1 0 0 0 0 0
792 3 1 1 1 0 0 0 0 0
809 1 0 0 0 0 0 1 0 0
811 3 1 1 1 0 0 0 0 0
825 2 1 1 0 0 0 1 0 0
830 4 1 1 1 0 0 0 0 0
838 5 0 0 0 0 0 1 0 0
840 11 1 1 0 0 0 2 0 0
856 2 0 0 0 0 0 0 0 0
857 46 0 0 15 0 0 0 0 0
859 14 0 0 0 0 0 0 0 0
860 42 0 0 0 0 0 0 0 0
861 14 1 1 0 0 0 0 0 0
864 1 0 0 0 0 0 1 0 0
865 1 0 0 0 0 0 1 0 0
866 2 0 0 0 0 0 0 0 0
872 8 1 1 1 0 0 2 0 0
876 3 0 0 2 0 0 0 0 0
882 1 0 0 0 0 0 1 0 0
886 8 0 0 7 0 0 0 0 0
fn=_dl_map_object
161 4 0 0 0 0 0 2 0 0
162 2 0 0 0 0 0 1 0 0
164 3 1 1 1 0 0 0 0 0
167 4 0 0 1 0 0 1 0 0
691 9 1 1 3 0 0 0 0 0
2317 30 1 1 0 0 0 24 2 2
2324 6 0 0 0 0 0 0 0 0
2325 6 0 0 3 1 1 0 0 0
2328 45 1 1 9 0 0 0 0 0
2333 21 0 0 7 0 0 0 0 0
2334 14 0 0 0 0 0 0 0 0
2336 36 1 1 0 0 0 7 2 2
2340 12 0 0 6 0 0 0 0 0
2341 18 1 1 6 0 0 0 0 0
2344 2 0 0 2 0 0 0 0 0
2345 4 0 0 4 0 0 0 0 0
2346 8 0 0 0 0 0 2 0 0
2362 4 0 0 2 0 0 0 0 0
2372 12 1 1 2 0 0 2 0 0
2396 2 0 0 0 0 0 2 1 1
2398 10 0 0 0 0 0 2 0 0
2402 4 1 1 0 0 0 2 0 0
2404 2 0 0 1 0 0 0 0 0
2411 4 1 1 1 0 0 0 0 0
2415 2 1 1 1 0 0 1 0 0
2416 3 0 0 0 0 0 1 0 0
2420 3 0 0 1 0 0 0 0 0
2421 1 0 0 0 0 0 0 0 0
2423 11 1 1 0 0 0 4 0 0
2435 4 2 2 3 0 0 0 0 0
2436 7 2 2 2 0 0 0 0 0
2437 1 0 0 0 0 0 0 0 0
2446 2 0 0 1 0 0 0 0 0
2447 18 1 1 2 0 0 4 0 0
2453 6 1 1 0 0 0 2 0 0
2454 1 0 0 0 0 0 0 0 0
2456 2 1 1 1 0 0 1 0 0
2462 4 0 0 0 0 0 1 0 0
2464 3 0 0 1 0 0 0 0 0
2468 3 0 0 0 0 0 2 0 0
2470 2 1 1 0 0 0 0 0 0
2474 3 0 0 1 0 0 0 0 0
2482 2 0 0 1 0 0 0 0 0
2504 9 1 1 2 0 0 1 0 0
2507 3 0 0 0 0 0 1 0 0
2509 1 0 0 0 0 0 1 0 0
2510 3 0 0 1 0 0 0 0 0
2530 2 2 2 1 0 0 0 0 0
2536 1 0 0 0 0 0 1 0 0
2538 6 1 1 0 0 0 1 0 0
2539 3 0 0 0 0 0 0 0 0
2540 1 0 0 0 0 0 0 0 0
2543 7 0 0 0 0 0 1 0 0
2546 2 0 0 0 0 0 0 0 0
2558 8 1 1 2 0 0 0 0 0
2560 4 0 0 0 0 0 0 0 0
2604 4 1 1 2 0 0 2 0 0
2605 24 0 0 4 0 0 8 0 0
2607 24 0 0 21 0 0 0 0 0
fn=_dl_map_object_from_fd
474 2 1 1 1 0 0 0 0 0
923 30 2 2 0 0 0 20 2 2
934 8 0 0 2 0 0 4 1 1
935 2 0 0 0 0 0 2 0 0
938 12 0 0 0 0 0 2 0 0
949 29 1 1 9 0 0 0 0 0
950 26 1 1 14 1 1 0 0 0
967 4 1 1 2 0 0 0 0 0
992 4 1 1 2 0 0 0 0 0
1002 4 0 0 2 0 0 0 0 0
1024 8 0 0 4 0 0 0 0 0
1056 4 0 0 0 0 0 0 0 0
1059 16 1 1 8 0 0 2 0 0
1060 4 0 0 0 0 0 0 0 0
1071 6 0 0 4 0 0 2 2 2
1072 6 2 2 4 0 0 2 0 0
1073 4 0 0 2 0 0 2 0 0
1075 10 0 0 0 0 0 0 0 0
1076 8 0 0 4 0 0 0 0 0
1077 2 0 0 0 0 0 0 0 0
1092 2 0 0 0 0 0 2 0 0
1101 24 1 1 4 0 0 6 0 0
1102 2 0 0 0 0 0 0 0 0
1103 2 0 0 0 0 0 0 0 0
1109 142 2 2 0 0 0 0 0 0
1110 136 1 1 17 0 0 0 0 0
1116 4 0 0 2 0 0 2 0 0
1117 6 0 0 2 0 0 2 0 0
1118 2 0 0 0 0 0 0 0 0
1121 2 1 1 1 0 0 1 0 0
1122 1 0 0 0 0 0 0 0 0
1127 20 1 1 8 0 0 0 0 0
1133 24 0 0 8 0 0 0 0 0
1134 4 0 0 0 0 0 0 0 0
1141 20 0 0 4 0 0 0 0 0
1142 16 0 0 0 0 0 4 2 2
1143 12 1 1 4 0 0 0 0 0
1144 8 0 0 0 0 0 4 2 2
1145 4 0 0 0 0 0 4 0 0
1146 8 0 0 4 0 0 4 2 2
1147 8 1 1 0 0 0 4 0 0
1151 8 0 0 0 0 0 0 0 0
1152 6 0 0 2 0 0 0 0 0
1157 28 0 0 4 0 0 4 0 0
1167 4 0 0 0 0 0 0 0 0
1170 3 0 0 1 0 0 0 0 0
1174 1 0 0 0 0 0 1 1 1
1175 2 1 1 1 0 0 1 0 0
1176 2 0 0 0 0 0 0 0 0
1177 1 0 0 0 0 0 0 0 0
1179 3 0 0 1 0 0 1 1 1
1180 2 0 0 1 0 0 1 0 0
1183 2 0 0 1 0 0 1 0 0
1187 4 0 0 1 0 0 0 0 0
1193 3 0 0 1 0 0 2 1 1
1194 1 0 0 0 0 0 0 0 0
1198 8 0 0 2 0 0 2 0 0
1206 10 0 0 0 0 0 0 0 0
1250 4 1 1 2 0 0 2 0 0
1251 8 0 0 0 0 0 0 0 0
1254 4 1 1 2 0 0 2 0 0
1255 6 0 0 4 0 0 2 0 0
1256 2 0 0 0 0 0 0 0 0
1259 6 1 1 0 0 0 0 0 0
1272 16 0 0 10 0 0 2 0 0
1274 4 1 1 2 0 0 0 0 0
1288 2 0 0 2 0 0 0 0 0
1293 14 0 0 8 0 0 4 1 1
1297 4 1 1 0 0 0 0 0 0
1304 6 0 0 2 0 0 2 0 0
1305 6 0 0 4 0 0 2 0 0
1307 4 0 0 0 0 0 0 0 0
1313 12 0 0 2 0 0 2 0 0
1314 2 1 1 2 0 0 0 0 0
1317 2 0 0 2 0 0 0 0 0
1319 2 1 1 2 0 0 0 0 0
1340 20 1 1 4 0 0 0 0 0
1342 8 0 0 4 0 0 0 0 0
1344 20 0 0 8 0 0 2 0 0
1352 12 0 0 4 0 0 0 0 0
1353 6 0 0 4 0 0 2 0 0
1355 8 0 0 4 0 0 0 0 0
1356 5 1 1 3 0 0 0 0 0
1357 6 0 0 2 0 0 0 0 0
1358 5 1 1 1 0 0 0 0 0
1360 4 0 0 0 0 0 1 0 0
1363 16 0 0 8 0 0 0 0 0
1369 4 0 0 2 0 0 0 0 0
1370 2 0 0 0 0 0 0 0 0
1371 10 1 1 2 0 0 0 0 0
1372 4 0 0 0 0 0 0 0 0
1379 4 0 0 0 0 0 0 0 0
1382 4 0 0 0 0 0 0 0 0
1393 14 0 0 0 0 0 6 0 0
1394 10 0 0 6 0 0 0 0 0
1399 4 0 0 0 0 0 0 0 0
1403 8 0 0 1 0 0 1 0 0
1406 2 0 0 0 0 0 0 0 0
1414 4 1 1 0 0 0 0 0 0
1418 8 0 0 4 0 0 0 0 0
1427 6 0 0 2 0 0 2 0 0
1433 4 1 1 0 0 0 0 0 0
1449 6 0 0 2 0 0 0 0 0
1468 4 0 0 2 0 0 2 0 0
1470 10 1 1 4 0 0 0 0 0
1525 6 0 0 2 1 1 0 0 0
1526 2 0 0 1 0 0 1 0 0
1529 8 0 0 2 0 0 2 0 0
1537 14 2 2 2 0 0 0 0 0
1540 8 0 0 4 0 0 2 0 0
1542 4 0 0 2 0 0 0 0 0
1558 4 0 0 0 0 0 2 0 0
1562 4 0 0 2 0 0 0 0 0
1563 4 1 1 2 0 0 0 0 0
1580 4 0 0 2 0 0 0 0 0
1581 1 0 0 0 0 0 1 0 0
1584 4 0 0 2 0 0 2 0 0
1585 4 0 0 2 0 0 2 0 0
1589 4 1 1 2 0 0 0 0 0
1599 6 0 0 2 0 0 2 0 0
1603 8 0 0 2 0 0 0 0 0
1623 16 0 0 14 0 0 0 0 0
fn=expand_dynamic_string_token
161 6 0 0 0 0 0 2 0 0
162 4 0 0 0 0 0 2 0 0
164 4 0 0 0 0 0 0 0 0
167 8 0 0 0 0 0 0 0 0
415 16 1 1 0 0 0 10 0 0
425 10 1 1 0 0 0 2 0 0
440 10 0 0 10 0 0 0 0 0
fn=fillin_rpath
486 17 2 2 0 0 0 12 0 0
488 1 0 0 0 0 0 0 0 0
491 7 0 0 0 0 0 2 0 0
495 5 0 0 1 0 0 1 0 0
497 3 0 0 0 0 0 1 0 0
501 2 1 1 0 0 0 0 0 0
508 8 1 1 1 0 0 0 0 0
513 2 0 0 0 0 0 1 0 0
516 5 1 1 1 0 0 0 0 0
523 18 1 1 5 0 0 1 0 0
524 8 1 1 4 0 0 0 0 0
542 4 1 1 1 0 0 1 0 0
545 2 0 0 0 0 0 1 0 0
546 4 1 1 2 0 0 1 0 0
547 4 0 0 0 0 0 2 0 0
548 4 1 1 2 0 0 0 0 0
552 1 0 0 0 0 0 1 1 1
553 1 0 0 0 0 0 0 0 0
554 5 0 0 0 0 0 3 0 0
555 1 0 0 0 0 0 1 0 0
557 3 1 1 2 0 0 0 0 0
563 4 0 0 1 0 0 0 0 0
564 14 1 1 0 0 0 0 0 0
565 10 0 0 0 0 0 2 0 0
567 2 1 1 1 0 0 1 0 0
568 2 0 0 1 0 0 0 0 0
573 2 1 1 0 0 0 1 0 0
575 2 0 0 1 0 0 1 0 0
576 1 0 0 0 0 0 1 0 0
579 3 1 1 0 0 0 1 0 0
581 4 0 0 2 0 0 1 0 0
585 1 0 0 0 0 0 1 0 0
588 9 0 0 7 0 0 0 0 0
fn=open_path
2168 14 2 2 0 0 0 12 0 0
2169 2 0 0 1 0 0 1 0 0
2172 1 0 0 0 0 0 1 0 0
2173 1 0 0 0 0 0 1 0 0
2175 2 0 0 0 0 0 0 0 0
2180 8 1 1 2 0 0 0 0 0
2183 1 0 0 1 0 0 0 0 0
2187 2 0 0 0 0 0 0 0 0
2192 2 0 0 1 0 0 0 0 0
2199 5 0 0 2 0 0 2 0 0
2200 16 1 1 1 0 0 0 0 0
2203 8 1 1 4 0 0 0 0 0
2207 52 1 1 24 0 0 8 0 0
2210 4 0 0 0 0 0 0 0 0
2213 8 1 1 4 0 0 0 0 0
2216 28 0 0 16 0 0 4 0 0
2218 12 0 0 4 0 0 0 0 0
2220 8 0 0 0 0 0 0 0 0
2225 8 1 1 4 0 0 0 0 0
2226 36 0 0 16 0 0 0 0 0
2232 17 1 1 5 0 0 5 0 0
2234 24 0 0 4 0 0 4 0 0
2235 2 0 0 1 0 0 0 0 0
2237 21 1 1 4 0 0 4 0 0
2244 8 0 0 0 0 0 0 0 0
2254 2 1 1 0 0 0 1 0 0
2282 1 0 0 0 0 0 0 0 0
2285 5 0 0 1 0 0 0 0 0
2290 1 0 0 1 0 0 0 0 0
2292 4 1 1 3 0 0 0 0 0
2295 3 0 0 1 0 0 0 0 0
2309 11 2 2 7 0 0 0 0 0
fn=open_verify
1873 12 1 1 0 0 0 8 0 0
1909 3 0 0 1 0 0 0 0 0
1930 5 1 1 1 0 0 2 0 0
1931 2 0 0 0 0 0 0 0 0
1941 1 0 0 0 0 0 1 0 0
1942 2 0 0 0 0 0 1 0 0
1947 6 0 0 1 0 0 1 0 0
1949 2 0 0 0 0 0 0 0 0
1951 3 1 1 1 0 0 1 0 0
1953 2 0 0 0 0 0 0 0 0
1959 2 0 0 0 0 0 0 0 0
1975 11 1 1 0 0 0 1 0 0
1977 1 0 0 1 0 0 0 0 0
1979 4 0 0 0 0 0 1 0 0
2006 3 1 1 2 0 0 0 0 0
2050 2 0 0 1 0 0 0 0 0
2055 2 0 0 1 0 0 0 0 0
2058 4 1 1 1 0 0 0 0 0
2063 2 0 0 1 0 0 0 0 0
2070 5 0 0 1 0 0 0 0 0
2071 4 0 0 1 0 0 0 0 0
2072 1 0 0 0 0 0 0 0 0
2087 61 1 1 0 0 0 0 0 0
2089 19 1 1 9 6 6 0 0 0
2093 4 0 0 2 0 0 0 0 0
2094 2 0 0 0 0 0 0 0 0
2103 6 1 1 0 0 0 1 0 0
2106 1 0 0 0 0 0 0 0 0
2107 3 0 0 1 0 0 0 0 0
2108 3 0 0 1 0 0 0 0 0
2110 3 0 0 0 0 0 0 0 0
2154 8 0 0 7 0 0 0 0 0
fn=open_verify.constprop.6
1871 55 2 2 0 0 0 35 1 1
1909 15 0 0 5 0 0 0 0 0
1930 25 0 0 5 0 0 10 0 0
1931 10 0 0 0 0 0 0 0 0
1941 1 0 0 0 0 0 1 0 0
1942 2 1 1 0 0 0 1 0 0
1947 6 0 0 1 0 0 1 0 0
1949 2 0 0 0 0 0 0 0 0
1951 3 0 0 1 0 0 1 0 0
1953 2 0 0 0 0 0 0 0 0
1959 2 1 1 0 0 0 0 0 0
1975 11 0 0 0 0 0 1 0 0
1977 1 0 0 1 0 0 0 0 0
1979 4 1 1 0 0 0 1 0 0
2050 2 0 0 1 0 0 0 0 0
2055 2 0 0 1 0 0 0 0 0
2058 4 0 0 1 0 0 0 0 0
2063 2 0 0 1 0 0 0 0 0
2070 7 1 1 1 0 0 0 0 0
2071 4 0 0 1 0 0 0 0 0
2072 1 0 0 0 0 0 0 0 0
2087 45 1 1 0 0 0 0 0 0
2089 17 1 1 8 0 0 0 0 0
2093 4 0 0 2 0 0 0 0 0
2094 2 0 0 0 0 0 0 0 0
2103 12 1 1 0 0 0 2 0 0
2106 1 0 0 0 0 0 0 0 0
2107 3 0 0 1 0 0 0 0 0
2108 3 0 0 1 0 0 0 0 0
2110 3 0 0 0 0 0 0 0 0
2115 1 0 0 0 0 0 0 0 0
2116 1 0 0 0 0 0 0 0 0
2119 2 0 0 0 0 0 0 0 0
2122 3 0 0 1 0 0 0 0 0
2123 5 0 0 1 0 0 0 0 0
2124 2 1 1 1 0 0 0 0 0
2125 3 0 0 1 0 0 0 0 0
2126 6 0 0 2 0 0 0 0 0
2131 4 1 1 0 0 0 0 0 0
2154 40 0 0 35 0 0 0 0 0
fl=/build/eglibc-oGUzwX/eglibc-2.19/elf/dl-lookup.c
fn=_dl_lookup_symbol_x
475 204 0 0 0 0 0 0 0 0
476 5888 0 0 1421 91 83 102 0 0
477 5276 1 1 0 0 0 0 0 0
714 1428 2 2 0 0 0 816 9 0
716 204 0 0 0 0 0 102 1 0
717 204 1 1 0 0 0 204 0 0
720 102 0 0 102 5 0 0 0 0
724 392 0 0 94 0 0 0 0 0
728 204 2 1 0 0 0 102 0 0
729 204 0 0 102 0 0 0 0 0
731 204 0 0 204 7 0 0 0 0
735 840 2 1 6 0 0 204 0 0
737 1326 1 1 612 0 0 714 8 0
740 204 0 0 0 0 0 0 0 0
743 6 0 0 0 0 0 0 0 0
766 204 0 0 102 0 0 0 0 0
768 42 1 1 12 0 0 0 0 0
784 6 1 1 0 0 0 6 0 0
785 12 0 0 0 0 0 0 0 0
788 96 0 0 96 0 0 0 0 0
789 672 0 0 192 0 0 0 0 0
815 96 0 0 0 0 0 0 0 0
824 480 1 1 96 0 0 0 0 0
838 288 0 0 96 8 1 0 0 0
839 2 1 1 0 0 0 1 0 0
841 384 0 0 192 0 0 0 0 0
846 96 0 0 0 0 0 96 0 0
848 816 1 1 714 0 0 0 0 0
fn=_dl_setup_hash
859 12 1 1 4 0 0 0 0 0
863 4 0 0 4 0 0 0 0 0
867 8 1 1 4 4 4 4 1 1
868 4 0 0 4 0 0 0 0 0
869 4 0 0 4 1 1 0 0 0
871 12 0 0 0 0 0 0 0 0
872 4 0 0 0 0 0 4 0 0
873 12 0 0 4 0 0 4 0 0
875 4 0 0 0 0 0 4 0 0
876 8 0 0 0 0 0 0 0 0
878 4 1 1 0 0 0 4 0 0
879 4 0 0 0 0 0 0 0 0
880 16 0 0 0 0 0 4 0 0
881 4 0 0 4 0 0 0 0 0
fn=check_match.9481
131 672 1 1 0 0 0 384 1 0
132 192 0 0 96 20 9 0 0 0
134 384 0 0 192 11 10 0 0 0
136 288 0 0 96 0 0 0 0 0
146 288 2 1 96 0 0 96 5 0
149 372 0 0 186 0 0 30 0 0
153 192 0 0 192 0 0 0 0 0
154 288 0 0 96 0 0 0 0 0
156 188 0 0 0 0 0 0 0 0
175 188 1 1 188 14 5 0 0 0
176 752 0 0 282 8 0 0 0 0
177 470 1 1 188 1 0 94 0 0
204 4 0 0 0 0 0 0 0 0
206 12 0 0 4 2 1 0 0 0
207 8 0 0 2 0 0 0 0 0
222 672 1 1 480 0 0 0 0 0
fn=do_lookup_x
77 816 1 1 306 0 0 510 5 0
82 1224 1 1 204 0 0 714 9 0
83 102 0 0 102 1 0 0 0 0
89 102 0 0 102 0 0 0 0 0
95 315 1 1 0 0 0 315 0 0
96 315 0 0 0 0 0 315 0 0
98 945 0 0 630 22 0 315 0 0
101 630 0 0 0 0 0 0 0 0
105 648 0 0 324 0 0 0 0 0
109 624 1 1 312 16 0 0 0 0
113 624 0 0 312 4 0 0 0 0
119 936 0 0 312 11 0 0 0 0
123 624 0 0 624 26 0 0 0 0
124 936 0 0 624 1 0 312 0 0
225 312 0 0 312 0 0 0 0 0
226 624 1 1 0 0 0 0 0 0
228 312 0 0 312 52 32 0 0 0
229 204 0 0 0 0 0 0 0 0
230 624 0 0 312 0 0 0 0 0
232 408 0 0 0 0 0 0 0 0
233 1248 0 0 312 0 0 0 0 0
236 1248 0 0 0 0 0 0 0 0
237 936 0 0 0 0 0 0 0 0
239 202 0 0 202 55 45 0 0 0
240 404 1 1 0 0 0 0 0 0
241 202 0 0 0 0 0 0 0 0
243 303 1 1 101 0 0 0 0 0
246 985 0 0 197 72 61 0 0 0
248 768 1 1 192 0 0 192 0 0
249 768 0 0 0 0 0 480 0 0
250 480 0 0 288 0 0 0 0 0
253 303 0 0 0 0 0 0 0 0
257 216 0 0 0 0 0 216 0 0
281 432 1 1 216 0 0 0 0 0
286 712 1 1 96 0 0 0 0 0
290 234 0 0 14 3 0 96 0 0
303 192 1 1 96 0 0 96 0 0
304 192 0 0 96 0 0 96 0 0
305 96 0 0 0 0 0 0 0 0
461 1212 0 0 404 3 0 0 0 0
462 451 0 0 164 0 0 164 1 0
465 657 1 1 0 0 0 0 0 0
468 12 0 0 0 0 0 0 0 0
469 816 0 0 714 0 0 0 0 0
fl=/build/eglibc-oGUzwX/eglibc-2.19/elf/dl-minimal.c
fn=__libc_memalign
51 88 1 1 0 0 0 44 2 2
52 108 0 0 43 0 0 0 0 0
57 3 0 0 0 0 0 1 0 0
58 3 1 1 1 0 0 0 0 0
59 1 0 0 0 0 0 0 0 0
63 66 1 1 0 0 0 22 0 0
64 22 0 0 0 0 0 0 0 0
66 142 0 0 0 0 0 0 0 0
70 12 0 0 3 0 0 0 0 0
71 9 1 1 0 0 0 0 0 0
77 21 0 0 0 0 0 3 0 0
79 15 0 0 6 0 0 0 0 0
83 9 0 0 0 0 0 3 0 0
86 22 0 0 0 0 0 22 0 0
87 22 0 0 0 0 0 22 0 0
89 167 0 0 66 0 0 0 0 0
fn=calloc
102 8 1 1 0 0 0 0 0 0
106 8 0 0 0 0 0 0 0 0
109 40 0 0 0 0 0 0 0 0
113 8 0 0 0 0 0 0 0 0
fn=free
119 2 0 0 0 0 0 1 0 0
121 2 1 1 1 0 0 0 0 0
128 2 0 0 2 0 0 0 0 0
fn=malloc
93 21 1 1 0 0 0 0 0 0
94 42 0 0 0 0 0 0 0 0
fn=strsep
338 8 1 1 4 0 0 0 0 0
340 4 0 0 4 0 0 0 0 0
341 8 0 0 0 0 0 0 0 0
345 317 1 1 63 0 0 0 0 0
350 244 0 0 122 0 0 0 0 0
352 366 0 0 122 0 0 0 0 0
360 61 0 0 0 0 0 0 0 0
363 2 0 0 0 0 0 2 0 0
367 4 0 0 4 0 0 0 0 0
fl=/build/eglibc-oGUzwX/eglibc-2.19/elf/dl-misc.c
fn=_dl_name_match_p
288 275 1 1 0 0 0 110 1 0
289 220 0 0 55 0 0 55 2 0
290 58 0 0 0 0 0 0 0 0
292 55 0 0 55 0 0 0 0 0
294 222 0 0 0 0 0 0 0 0
295 295 1 1 59 8 0 59 0 0
298 56 0 0 56 0 0 0 0 0
300 52 0 0 0 0 0 0 0 0
301 275 0 0 165 0 0 0 0 0
fn=_dl_sysdep_read_whole_file
45 7 1 1 0 0 0 4 0 0
46 1 0 0 0 0 0 0 0 0
52 4 1 1 0 0 0 1 0 0
53 2 0 0 0 0 0 0 0 0
55 6 0 0 0 0 0 1 0 0
57 2 0 0 1 0 0 1 1 1
60 2 0 0 0 0 0 0 0 0
62 8 1 1 0 0 0 1 0 0
73 2 0 0 0 0 0 1 0 0
76 7 0 0 5 0 0 0 0 0
fl=/build/eglibc-oGUzwX/eglibc-2.19/elf/dl-object.c
fn=_dl_add_to_namespace_list
32 15 1 1 0 0 0 6 0 0
34 6 0 0 3 0 0 3 0 0
36 22 1 1 3 0 0 0 0 0
39 15 0 0 5 0 0 0 0 0
40 3 0 0 0 0 0 0 0 0
41 2 0 0 0 0 0 2 0 0
43 2 0 0 0 0 0 2 0 0
46 2 0 0 0 0 0 1 0 0
47 9 0 0 3 0 0 0 0 0
48 6 0 0 3 0 0 3 0 0
49 6 0 0 0 0 0 3 0 0
51 9 0 0 3 0 0 0 0 0
52 9 0 0 6 0 0 0 0 0
fn=_dl_new_object
61 42 2 2 0 0 0 30 1 1
62 15 0 0 0 0 0 3 1 1
68 36 1 1 6 0 0 0 0 0
75 15 0 0 0 0 0 6 0 0
78 6 0 0 0 0 0 0 0 0
81 3 0 0 0 0 0 3 2 2
82 6 1 1 0 0 0 3 3 3
86 6 0 0 0 0 0 3 2 2
87 15 0 0 6 0 0 6 1 1
89 3 1 1 0 0 0 3 0 0
97 15 0 0 6 0 0 3 0 0
98 18 0 0 6 3 3 3 0 0
101 6 0 0 3 0 0 0 0 0
102 7 1 1 0 0 0 3 3 3
103 3 1 1 0 0 0 3 0 0
107 3 0 0 0 0 0 3 0 0
110 43 0 0 0 0 0 0 0 0
112 32 0 0 0 0 0 16 5 5
122 6 0 0 0 0 0 3 0 0
123 3 1 1 0 0 0 3 3 3
126 3 0 0 0 0 0 0 0 0
128 18 0 0 3 0 0 0 0 0
130 6 0 0 0 0 0 2 1 1
133 7 0 0 0 0 0 0 0 0
137 6 0 0 2 0 0 0 0 0
141 15 0 0 2 0 0 0 0 0
143 1 1 1 0 0 0 0 0 0
149 1 0 0 0 0 0 1 1 1
152 6 0 0 0 0 0 3 1 1
155 15 1 1 6 0 0 0 0 0
157 10 0 0 2 0 0 4 0 0
161 10 0 0 0 0 0 0 0 0
165 6 1 1 0 0 0 2 0 0
166 8 0 0 0 0 0 0 0 0
211 8 1 1 4 0 0 2 0 0
216 82 0 0 0 0 0 0 0 0
217 88 0 0 42 0 0 0 0 0
222 4 0 0 0 0 0 2 0 0
225 4 0 0 0 0 0 2 0 0
229 24 1 1 21 0 0 0 0 0
fl=/build/eglibc-oGUzwX/eglibc-2.19/elf/dl-open.c
fn=_dl_find_dso_for_object
182 5 1 1 1 0 0 0 0 0
183 10 2 2 3 0 0 0 0 0
184 12 0 0 6 0 0 0 0 0
185 2 0 0 1 0 0 0 0 0
188 2 1 1 1 0 0 0 0 0
192 1 0 0 1 0 0 0 0 0
fl=/build/eglibc-oGUzwX/eglibc-2.19/elf/dl-reloc.c
fn=_dl_relocate_object
154 48 2 2 0 0 0 32 0 0
161 4 0 0 0 0 0 4 0 0
164 8 1 1 0 0 0 0 0 0
165 20 1 1 0 0 0 12 0 0
169 8 0 0 0 0 0 0 0 0
170 16 0 0 8 1 0 0 0 0
176 8 0 0 4 0 0 0 0 0
182 12 0 0 4 0 0 0 0 0
183 8 1 1 4 3 0 0 0 0
186 8 0 0 4 0 0 0 0 0
193 8 0 0 4 1 0 0 0 0
238 12 1 1 8 0 0 4 0 0
264 234 3 3 83 10 1 53 0 0
267 12 0 0 4 0 0 0 0 0
295 4 0 0 4 0 0 0 0 0
298 8 0 0 4 0 0 0 0 0
315 12 0 0 4 3 0 0 0 0
317 32 1 1 28 1 0 0 0 0
323 16 1 1 8 0 0 0 0 0
324 8 0 0 4 0 0 0 0 0
325 8 0 0 0 0 0 0 0 0
328 8 1 1 0 0 0 0 0 0
329 20 0 0 0 0 0 4 0 0
fl=/build/eglibc-oGUzwX/eglibc-2.19/elf/dl-tls.c
fn=__tls_get_addr
770 1 1 1 1 0 0 0 0 0
772 3 0 0 2 2 0 0 0 0
775 3 0 0 2 1 0 0 0 0
777 2 0 0 0 0 0 0 0 0
780 1 0 0 1 0 0 0 0 0
781 1 0 0 1 0 0 0 0 0
fn=_dl_add_to_slotinfo
831 4 1 1 0 0 0 3 0 0
837 2 1 1 1 0 0 0 0 0
840 1 0 0 1 1 0 0 0 0
845 5 0 0 1 0 0 0 0 0
886 1 0 0 0 0 0 1 1 0
887 3 1 1 1 1 0 1 0 0
888 4 0 0 4 0 0 0 0 0
fn=_dl_allocate_tls_init
376 8 1 1 0 0 0 7 0 0
377 2 0 0 0 0 0 0 0 0
381 3 0 0 2 1 0 1 0 0
383 1 0 0 0 0 0 0 0 0
384 1 0 0 0 0 0 0 0 0
389 3 0 0 1 0 0 1 0 0
394 12 1 1 2 0 0 0 0 0
400 9 0 0 0 0 0 0 0 0
403 1 1 1 1 0 0 0 0 0
404 2 0 0 0 0 0 0 0 0
410 3 0 0 1 0 0 0 0 0
412 2 0 0 0 0 0 0 0 0
413 2 0 0 1 0 0 0 0 0
422 2 1 1 1 0 0 0 0 0
423 4 0 0 2 0 0 0 0 0
425 2 0 0 0 0 0 0 0 0
426 2 1 1 1 0 0 0 0 0
434 4 0 0 1 0 0 1 1 0
435 1 0 0 0 0 0 1 0 0
436 11 0 0 4 0 0 2 0 0
450 2 1 1 1 0 0 1 0 0
452 1 0 0 1 0 0 0 0 0
453 8 1 1 7 0 0 0 0 0
fn=_dl_allocate_tls_storage
295 2 0 0 1 0 0 0 0 0
296 3 1 1 0 0 0 1 0 0
297 2 0 0 0 0 0 0 0 0
300 1 0 0 0 0 0 1 1 1
306 2 0 0 0 0 0 1 0 0
328 3 1 1 0 0 0 3 0 0
330 1 0 0 1 0 0 0 0 0
341 4 0 0 1 0 0 1 0 0
342 2 0 0 0 0 0 0 0 0
349 1 0 0 0 0 0 0 0 0
353 306 1 1 0 0 0 288 36 36
370 5 0 0 4 0 0 0 0 0
fn=_dl_determine_tlsoffset
112 7 1 1 0 0 0 6 0 0
113 2 1 1 0 0 0 0 0 0
114 1 0 0 0 0 0 0 0 0
115 1 0 0 0 0 0 0 0 0
118 3 1 1 1 0 0 0 0 0
121 2 0 0 1 0 0 0 0 0
123 1 0 0 0 0 0 0 0 0
155 1 0 0 0 0 0 0 0 0
157 10 0 0 2 0 0 0 0 0
159 3 0 0 1 0 0 0 0 0
161 3 0 0 1 0 0 0 0 0
162 2 1 1 1 0 0 0 0 0
164 2 0 0 0 0 0 0 0 0
166 5 0 0 1 0 0 0 0 0
168 2 1 1 0 0 0 0 0 0
182 9 1 1 0 0 0 0 0 0
184 3 0 0 0 0 0 0 0 0
185 1 0 0 0 0 0 0 0 0
194 1 0 0 0 0 0 1 0 0
197 4 0 0 0 0 0 1 0 0
198 1 0 0 0 0 0 1 0 0
249 1 0 0 0 0 0 1 0 0
250 8 0 0 7 0 0 0 0 0
fn=_dl_next_tls_modid
50 1 1 1 0 0 0 0 0 0
53 3 0 0 2 0 0 0 0 0
101 2 0 0 0 0 0 1 0 0
105 2 0 0 1 0 0 0 0 0
fl=/build/eglibc-oGUzwX/eglibc-2.19/elf/dl-version.c
fn=_dl_check_all_versions
380 6 1 1 0 0 0 4 0 0
382 2 0 0 0 0 0 0 0 0
384 16 0 0 4 0 0 0 0 0
385 4 0 0 0 0 0 0 0 0
386 40 1 1 4 0 0 4 0 0
389 7 0 0 5 0 0 0 0 0
fn=_dl_check_map_versions
56 24 0 0 4 0 0 0 0 0
57 5 0 0 5 0 0 0 0 0
58 37 1 1 0 0 0 7 0 0
174 44 1 1 0 0 0 32 0 0
175 2 0 0 0 0 0 0 0 0
183 2 0 0 0 0 0 0 0 0
189 12 0 0 4 0 0 0 0 0
191 8 0 0 4 0 0 4 0 0
193 8 0 0 4 0 0 4 0 0
194 8 1 1 4 0 0 4 0 0
196 8 0 0 0 0 0 0 0 0
199 8 0 0 6 0 0 2 0 0
203 12 1 1 4 2 2 0 0 0
220 6 0 0 6 0 0 0 0 0
228 6 0 0 2 0 0 0 0 0
233 14 0 0 4 1 1 0 0 0
237 90 2 2 51 1 1 10 0 0
244 20 0 0 5 0 0 0 0 0
247 17 0 0 5 0 0 0 0 0
252 3 0 0 0 0 0 0 0 0
256 8 0 0 4 0 0 0 0 0
270 12 1 1 4 0 0 0 0 0
273 6 0 0 4 0 0 0 0 0
276 112 0 0 28 1 1 0 0 0
279 84 0 0 28 0 0 0 0 0
283 26 0 0 0 0 0 0 0 0
287 8 1 1 0 0 0 0 0 0
292 3 0 0 0 0 0 3 0 0
293 12 0 0 0 0 0 3 0 0
294 6 1 1 0 0 0 0 0 0
302 3 0 0 0 0 0 3 0 0
305 9 0 0 6 0 0 3 0 0
307 9 0 0 3 0 0 0 0 0
310 8 0 0 6 0 0 0 0 0
314 6 0 0 2 0 0 0 0 0
317 15 1 1 5 0 0 0 0 0
319 15 0 0 0 0 0 0 0 0
321 25 0 0 5 0 0 5 0 0
322 15 0 0 0 0 0 5 3 3
323 15 0 0 5 0 0 5 1 1
324 15 1 1 5 0 0 5 0 0
327 15 0 0 5 0 0 0 0 0
332 3 0 0 0 0 0 0 0 0
335 6 0 0 2 0 0 0 0 0
345 9 0 0 3 0 0 0 0 0
348 8 0 0 6 0 0 0 0 0
352 28 0 0 28 0 0 0 0 0
354 56 0 0 28 0 0 0 0 0
358 26 0 0 26 0 0 0 0 0
359 130 0 0 26 0 0 26 7 7
360 78 0 0 26 0 0 26 0 0
361 26 0 0 0 0 0 26 3 3
364 84 0 0 28 0 0 0 0 0
368 26 0 0 0 0 0 0 0 0
373 7 0 0 0 0 0 0 0 0
374 32 2 2 28 0 0 0 0 0
fn=match_symbol
76 65 2 2 0 0 0 40 0 0
77 10 0 0 10 0 0 0 0 0
85 10 0 0 5 0 0 0 0 0
91 15 0 0 5 0 0 0 0 0
106 5 0 0 5 0 0 0 0 0
107 10 1 1 0 0 0 0 0 0
109 5 0 0 5 0 0 0 0 0
114 102 0 0 51 9 9 0 0 0
128 102 0 0 51 3 3 0 0 0
130 5 1 1 5 0 0 0 0 0
133 30 0 0 5 0 0 5 0 0
140 138 0 0 46 2 2 0 0 0
144 46 0 0 0 0 0 0 0 0
168 40 0 0 35 0 0 0 0 0
fl=/build/eglibc-oGUzwX/eglibc-2.19/elf/do-rel.h
fn=_dl_relocate_object
47 16 0 0 8 0 0 0 0 0
48 8 0 0 8 0 0 0 0 0
50 3 0 0 0 0 0 0 0 0
51 3 0 0 0 0 0 3 1 0
58 24 0 0 8 1 0 0 0 0
61 120 0 0 0 0 0 0 0 0
63 108 1 1 36 13 13 0 0 0
65 17 1 1 0 0 0 0 0 0
74 6 0 0 0 0 0 0 0 0
75 29 1 1 9 0 0 0 0 0
76 10 0 0 5 0 0 0 0 0
83 10 0 0 5 0 0 5 0 0
84 5 1 1 5 0 0 0 0 0
86 10 0 0 0 0 0 0 0 0
98 15 0 0 0 0 0 0 0 0
108 9 1 1 1 1 1 0 0 0
111 3590 0 0 0 0 0 0 0 0
112 2388 1 1 1194 0 0 0 0 0
118 15 0 0 5 4 0 0 0 0
121 8 1 1 4 3 0 4 1 0
124 314 1 1 101 0 0 0 0 0
127 392 1 1 98 26 23 0 0 0
136 294 0 0 196 39 37 0 0 0
137 560 0 0 98 0 0 98 1 0
138 182 0 0 98 1 0 0 0 0
139 196 0 0 98 1 0 0 0 0
143 6 0 0 0 0 0 0 0 0
160 23 2 2 5 0 0 4 0 0
162 20 0 0 5 2 2 0 0 0
170 25 1 1 5 0 0 5 0 0
171 10 0 0 10 0 0 0 0 0
174 5 0 0 2 0 0 0 0 0
fn=_dl_start
83 1 0 0 1 0 0 0 0 0
84 1 0 0 1 0 0 0 0 0
111 33 1 1 0 0 0 0 0 0
112 20 0 0 10 3 3 0 0 0
116 2 0 0 1 0 0 0 0 0
124 31 1 1 0 0 0 0 0 0
137 45 0 0 9 2 2 0 0 0
139 18 0 0 9 0 0 0 0 0
fl=/build/eglibc-oGUzwX/eglibc-2.19/elf/get-dynamic-info.h
fn=_dl_map_object_from_fd
38 4 0 0 0 0 0 0 0 0
42 2 0 0 0 0 0 0 0 0
44 141 1 1 47 13 13 0 0 0
46 90 1 1 0 0 0 0 0 0
51 42 0 0 0 0 0 0 0 0
52 71 0 0 0 0 0 43 11 11
53 8 0 0 0 0 0 0 0 0
55 2 0 0 0 0 0 0 0 0
56 10 1 1 0 0 0 0 0 0
58 2 0 0 0 0 0 0 0 0
59 10 0 0 0 0 0 0 0 0
60 2 0 0 0 0 0 0 0 0
61 8 0 0 0 0 0 2 0 0
62 45 0 0 0 0 0 0 0 0
69 4 1 1 0 0 0 0 0 0
89 7 0 0 3 0 0 0 0 0
90 8 0 0 4 0 0 0 0 0
91 8 0 0 4 0 0 0 0 0
92 8 0 0 4 0 0 0 0 0
94 8 1 1 4 0 0 0 0 0
99 8 0 0 4 0 0 0 0 0
100 7 0 0 3 1 1 0 0 0
101 8 0 0 4 0 0 0 0 0
107 6 1 1 2 0 0 0 0 0
112 4 0 0 2 0 0 0 0 0
119 4 0 0 2 0 0 0 0 0
120 6 0 0 4 0 0 0 0 0
136 6 0 0 2 0 0 0 0 0
141 2 0 0 1 0 0 1 0 0
143 2 0 0 0 0 0 0 0 0
145 2 0 0 0 0 0 0 0 0
147 2 0 0 0 0 0 0 0 0
150 6 1 1 2 0 0 0 0 0
152 2 0 0 1 0 0 1 0 0
160 2 1 1 1 0 0 0 0 0
161 2 0 0 0 0 0 0 0 0
165 2 0 0 0 0 0 0 0 0
168 4 0 0 2 0 0 0 0 0
fn=_dl_start
44 57 1 1 19 6 6 0 0 0
46 36 0 0 0 0 0 0 0 0
47 26 0 0 0 0 0 13 3 3
51 21 1 1 0 0 0 0 0 0
52 18 0 0 0 0 0 4 2 2
53 4 1 1 0 0 0 0 0 0
55 1 0 0 0 0 0 0 0 0
56 5 0 0 0 0 0 0 0 0
58 2 0 0 0 0 0 0 0 0
59 5 2 2 0 0 0 0 0 0
60 1 0 0 0 0 0 0 0 0
61 5 0 0 0 0 0 1 1 1
62 18 0 0 0 0 0 0 0 0
69 2 0 0 0 0 0 0 0 0
89 4 0 0 2 0 0 0 0 0
90 4 1 1 2 0 0 0 0 0
91 4 0 0 2 0 0 0 0 0
92 4 0 0 2 0 0 0 0 0
94 4 0 0 2 0 0 0 0 0
99 4 1 1 2 0 0 0 0 0
100 4 0 0 2 0 0 0 0 0
101 4 0 0 2 0 0 0 0 0
107 3 0 0 1 0 0 0 0 0
112 2 1 1 1 0 0 0 0 0
119 3 0 0 1 0 0 0 0 0
120 3 0 0 2 0 0 0 0 0
128 3 0 0 1 0 0 0 0 0
130 3 1 1 1 1 1 0 0 0
133 2 0 0 1 0 0 0 0 0
134 2 0 0 1 0 0 0 0 0
fn=dl_main
29 1 0 0 1 0 0 0 0 0
38 2 0 0 0 0 0 0 0 0
42 1 0 0 0 0 0 0 0 0
44 72 0 0 24 7 7 0 0 0
46 46 1 1 0 0 0 0 0 0
51 17 1 1 0 0 0 0 0 0
52 33 0 0 0 0 0 22 5 5
53 4 0 0 0 0 0 0 0 0
55 1 0 0 0 0 0 0 0 0
56 5 1 1 0 0 0 0 0 0
58 1 0 0 0 0 0 0 0 0
59 5 0 0 0 0 0 0 0 0
60 1 0 0 0 0 0 0 0 0
61 4 1 1 0 0 0 1 0 0
62 23 0 0 0 0 0 0 0 0
69 3 1 1 1 0 0 0 0 0
107 3 2 2 1 0 0 0 0 0
112 2 0 0 1 0 0 0 0 0
119 2 0 0 1 0 0 0 0 0
120 3 0 0 2 0 0 0 0 0
136 3 0 0 1 0 0 0 0 0
150 3 1 1 1 0 0 0 0 0
168 2 1 1 1 0 0 0 0 0
fl=/build/eglibc-oGUzwX/eglibc-2.19/elf/rtld.c
fn=_dl_initial_error_catch_tsd
797 8 0 0 4 0 0 0 0 0
fn=_dl_start
284 75 3 3 8 1 1 8 2 2
296 2 0 0 0 0 0 1 0 0
297 2 0 0 0 0 0 1 0 0
298 2 1 1 0 0 0 1 0 0
299 2 0 0 0 0 0 1 1 1
300 2 0 0 0 0 0 1 0 0
321 5 1 1 0 0 0 1 0 0
325 1 0 0 0 0 0 1 0 0
331 4 1 0 0 0 0 1 0 0
340 4 0 0 0 0 0 0 0 0
343 2 0 0 1 1 0 1 1 0
347 2 0 0 1 0 0 0 0 0
361 9 1 1 0 0 0 6 0 0
379 5 0 0 0 0 0 1 1 1
405 1 0 0 0 0 0 1 1 1
408 1 0 0 0 0 0 1 1 1
536 2 0 0 0 0 0 0 0 0
541 34 3 3 9 0 0 0 0 0
543 1 1 1 1 1 1 0 0 0
568 9 0 0 7 1 0 0 0 0
fn=dl_main
887 12 1 1 0 0 0 8 1 1
893 1 0 0 0 0 0 0 0 0
895 2 0 0 0 0 0 0 0 0
896 1 0 0 0 0 0 0 0 0
902 1 0 0 0 0 0 1 0 0
906 2 0 0 0 0 0 1 0 0
909 2 0 0 0 0 0 1 1 1
913 2 0 0 0 0 0 1 1 1
914 2 0 0 0 0 0 1 0 0
919 2 1 1 0 0 0 1 0 0
929 4 2 2 2 0 0 0 0 0
1128 8 1 1 0 0 0 1 0 0
1130 2 0 0 0 0 0 0 0 0
1131 1 0 0 0 0 0 1 1 1
1132 2 1 1 1 0 0 1 0 0
1133 3 0 0 2 0 0 1 0 0
1137 3 0 0 0 0 0 1 0 0
1138 2 0 0 1 0 0 0 0 0
1159 1 0 0 0 0 0 1 0 0
1160 1 0 0 0 0 0 1 0 0
1162 1 0 0 0 0 0 1 0 0
1164 1 1 1 1 0 0 0 0 0
1167 36 1 1 3 0 0 0 0 0
1168 71 1 1 9 5 5 0 0 0
1172 3 1 1 1 0 0 1 0 0
1173 1 0 0 0 0 0 0 0 0
1177 3 1 1 2 0 0 1 0 0
1178 1 0 0 0 0 0 0 0 0
1186 1 0 0 0 0 0 1 1 1
1187 2 1 1 2 1 1 0 0 0
1189 2 1 1 0 0 0 1 0 0
1196 3 0 0 1 0 0 0 0 0
1214 1 0 0 0 0 0 0 0 0
1222 4 0 0 2 0 0 0 0 0
1223 10 2 2 3 1 1 0 0 0
1224 4 0 0 2 0 0 0 0 0
1225 1 0 0 0 0 0 1 0 0
1228 4 0 0 2 1 1 0 0 0
1229 4 0 0 2 0 0 0 0 0
1230 2 0 0 0 0 0 2 0 0
1231 6 0 0 3 0 0 0 0 0
1232 2 0 0 0 0 0 1 0 0
1259 2 1 1 1 0 0 1 1 1
1260 1 0 0 0 0 0 0 0 0
1263 2 0 0 1 0 0 1 0 0
1264 2 0 0 1 0 0 1 0 0
1265 1 0 0 0 0 0 0 0 0
1270 3 0 0 1 1 1 0 0 0
1273 2 0 0 0 0 0 0 0 0
1275 2 0 0 0 0 0 0 0 0
1277 2 1 1 1 0 0 0 0 0
1290 3 0 0 1 0 0 0 0 0
1291 11 1 1 6 0 0 2 0 0
1296 1 0 0 0 0 0 1 0 0
1298 1 0 0 0 0 0 1 1 1
1299 1 0 0 0 0 0 1 0 0
1301 2 0 0 1 0 0 0 0 0
1302 2 1 1 0 0 0 1 0 0
1306 2 0 0 1 0 0 0 0 0
1308 2 0 0 0 0 0 0 0 0
1313 2 0 0 0 0 0 1 0 0
1316 4 1 1 0 0 0 1 0 0
1332 3 1 1 0 0 0 1 0 0
1338 9 1 1 1 0 0 2 0 0
1343 2 1 1 1 0 0 1 0 0
1346 4 0 0 1 0 0 2 0 0
1348 1 0 0 0 0 0 1 0 0
1353 2 0 0 1 0 0 0 0 0
1356 3 0 0 2 0 0 1 0 0
1357 4 1 1 1 0 0 1 0 0
1358 2 0 0 0 0 0 1 0 0
1359 1 0 0 0 0 0 1 0 0
1360 1 0 0 1 0 0 0 0 0
1361 1 0 0 1 0 0 0 0 0
1366 2 0 0 1 0 0 0 0 0
1367 5 1 1 1 0 0 1 0 0
1371 1 0 0 1 0 0 0 0 0
1373 4 0 0 1 0 0 0 0 0
1374 2 0 0 0 0 0 1 0 0
1375 4 1 1 1 1 1 1 0 0
1380 2 0 0 0 0 0 0 0 0
1381 6 0 0 1 1 1 0 0 0
1383 2 0 0 1 0 0 1 1 1
1384 2 0 0 1 0 0 1 0 0
1389 2 0 0 1 1 1 0 0 0
1394 3 1 1 1 0 0 0 0 0
1575 3 0 0 1 0 0 0 0 0
1578 2 0 0 1 0 0 1 0 0
1582 3 1 1 1 0 0 0 0 0
1587 2 0 0 1 0 0 1 0 0
1588 1 0 0 0 0 0 1 0 0
1593 3 0 0 1 0 0 0 0 0
1608 3 1 1 2 0 0 0 0 0
1610 1 0 0 0 0 0 0 0 0
1612 3 0 0 1 0 0 0 0 0
1619 11 1 1 0 0 0 3 0 0
1622 6 0 0 0 0 0 0 0 0
1625 12 1 1 0 0 0 2 0 0
1626 2 0 0 1 0 0 0 0 0
1627 3 0 0 1 0 0 0 0 0
1629 6 1 1 0 0 0 1 0 0
1631 4 0 0 0 0 0 0 0 0
1632 2 0 0 1 0 0 0 0 0
1633 3 1 1 0 0 0 1 0 0
1643 5 0 0 0 0 0 1 0 0
1720 4 1 1 2 0 0 0 0 0
1724 8 1 1 0 0 0 0 0 0
1725 1 0 0 0 0 0 0 0 0
1728 2 0 0 0 0 0 1 0 0
1729 1 0 0 1 0 0 0 0 0
1730 2 0 0 0 0 0 0 0 0
1731 2 1 1 0 0 0 0 0 0
1737 5 0 0 0 0 0 0 0 0
1738 8 0 0 0 0 0 1 0 0
1739 4 1 1 0 0 0 0 0 0
1741 2 0 0 1 0 0 0 0 0
1744 13 0 0 2 0 0 0 0 0
1745 16 0 0 8 0 0 0 0 0
1748 3 0 0 2 0 0 1 0 0
1749 3 1 1 1 0 0 0 0 0
1750 1 0 0 0 0 0 1 0 0
1752 12 1 1 0 0 0 0 0 0
1753 9 0 0 4 0 0 0 0 0
1763 2 1 1 0 0 0 1 0 0
1765 2 0 0 1 0 0 1 0 0
1766 2 1 1 1 0 0 0 0 0
1768 3 0 0 0 0 0 1 0 0
1770 3 0 0 0 0 0 0 0 0
1772 3 0 0 1 0 0 0 0 0
1773 1 1 1 1 0 0 0 0 0
1784 3 1 1 0 0 0 0 0 0
1786 2 0 0 0 0 0 0 0 0
1787 2 0 0 0 0 0 1 0 0
1788 3 0 0 1 0 0 0 0 0
1799 4 0 0 0 0 0 1 0 0
1800 1 1 1 0 0 0 1 0 0
1801 5 0 0 0 0 0 1 0 0
1811 2 1 1 1 0 0 1 0 0
1812 2 0 0 1 0 0 0 0 0
1813 2 0 0 0 0 0 2 0 0
1815 2 0 0 1 0 0 0 0 0
1818 1 0 0 0 0 0 1 0 0
1820 2 0 0 1 0 0 0 0 0
2050 3 1 1 1 0 0 0 0 0
2106 2 1 1 0 0 0 1 0 0
2110 4 1 1 2 0 0 2 0 0
2114 2 0 0 1 0 0 1 0 0
2117 2 0 0 0 0 0 0 0 0
2125 2 1 1 0 0 0 0 0 0
2136 1 1 1 1 0 0 0 0 0
2171 3 2 2 1 0 0 0 0 0
2178 1 0 0 1 0 0 0 0 0
2180 11 0 0 1 0 0 1 0 0
2182 13 1 1 1 1 0 0 0 0
2184 12 1 1 8 0 0 0 0 0
2189 8 0 0 8 0 0 0 0 0
2191 10 0 0 0 0 0 0 0 0
2193 1 1 1 0 0 0 1 0 0
2194 1 0 0 1 0 0 0 0 0
2197 4 0 0 4 0 0 0 0 0
2199 12 0 0 0 0 0 0 0 0
2200 24 0 0 6 2 0 3 0 0
2204 14 0 0 5 1 0 0 0 0
2205 3 0 0 0 0 0 1 0 0
2207 4 0 0 0 0 0 0 0 0
2209 2 1 1 0 0 0 1 0 0
2215 2 0 0 1 0 0 0 0 0
2220 4 1 1 2 0 0 0 0 0
2221 1 1 1 1 0 0 0 0 0
2226 2 0 0 1 0 0 1 0 0
2230 2 0 0 1 0 0 0 0 0
2244 3 1 1 2 1 0 0 0 0
2246 4 1 1 1 0 0 0 0 0
2261 5 0 0 0 0 0 0 0 0
2263 1 0 0 1 0 0 0 0 0
2264 5 0 0 1 0 0 1 0 0
2265 4 0 0 0 0 0 0 0 0
2267 3 0 0 1 0 0 0 0 0
2275 1 0 0 0 0 0 1 0 0
2279 3 0 0 1 0 0 0 0 0
2299 3 0 0 0 0 0 1 0 0
2300 1 0 0 0 0 0 1 0 0
2301 1 0 0 0 0 0 1 0 0
2306 1 0 0 0 0 0 1 0 0
2311 8 1 1 7 1 0 0 0 0
2481 2 0 0 1 0 0 1 1 1
2483 1 0 0 0 0 0 0 0 0
2484 1 0 0 0 0 0 0 0 0
2488 13 2 2 1 0 0 4 1 1
2490 15 0 0 3 0 0 3 1 1
2494 105 1 1 21 0 0 0 0 0
2495 19 0 0 0 0 0 0 0 0
2497 4 0 0 0 0 0 0 0 0
2503 16 0 0 2 0 0 0 0 0
2526 6 1 1 0 0 0 1 0 0
2533 6 1 1 0 0 0 1 0 0
2535 3 1 1 0 0 0 1 0 0
2579 6 1 1 0 0 0 1 0 0
2581 3 1 1 0 0 0 1 0 0
2653 3 1 1 1 0 0 0 0 0
2686 3 0 0 1 0 0 0 0 0
fn=do_preload
803 6 0 0 0 0 0 3 0 0
805 1 0 0 0 0 0 1 0 0
809 1 0 0 0 0 0 1 0 0
810 1 1 1 0 0 0 1 0 0
811 1 0 0 0 0 0 1 0 0
813 1 0 0 1 0 0 0 0 0
815 6 0 0 0 0 0 1 0 0
816 3 0 0 1 0 0 0 0 0
824 3 1 1 1 0 0 0 0 0
830 5 0 0 4 0 0 0 0 0
fn=init_tls
716 1 0 0 0 0 0 1 0 0
718 2 0 0 1 0 0 1 0 0
722 2 0 0 1 0 0 0 0 0
723 1 1 1 0 0 0 0 0 0
728 2 0 0 0 0 0 1 0 0
731 1 0 0 0 0 0 1 0 0
732 4 0 0 0 0 0 1 0 0
737 1 0 0 0 0 0 0 0 0
739 1 0 0 0 0 0 1 1 1
743 2 1 1 1 1 1 0 0 0
744 1 0 0 0 0 0 0 0 0
745 11 1 1 1 0 0 0 0 0
746 8 0 0 4 0 0 0 0 0
747 8 0 0 4 0 0 0 0 0
751 3 0 0 0 0 0 1 0 0
753 1 0 0 0 0 0 0 0 0
755 3 0 0 0 0 0 0 0 0
758 1 1 1 0 0 0 1 0 0
765 2 0 0 0 0 0 1 0 0
766 2 0 0 0 0 0 0 0 0
772 2 1 1 1 0 0 1 0 0
780 7 0 0 0 0 0 2 0 0
784 1 1 1 0 0 0 1 0 0
786 1 0 0 0 0 0 0 0 0
787 2 0 0 2 0 0 0 0 0
fn=map_doit
624 2 1 1 0 0 0 1 0 0
626 8 1 1 3 0 0 2 0 0
628 2 0 0 2 0 0 0 0 0
fn=rtld_lock_default_lock_recursive
837 10 1 1 10 2 1 0 0 0
fn=rtld_lock_default_unlock_recursive
843 10 2 1 10 1 0 0 0 0
fn=security_init
850 2 0 0 0 0 0 1 0 0
852 1 0 0 1 0 0 0 0 0
854 1 0 0 0 0 0 1 0 0
861 1 0 0 1 0 0 0 0 0
863 1 0 0 0 0 0 1 0 0
865 1 0 0 0 0 0 1 0 0
870 1 1 1 0 0 0 1 0 0
871 3 0 0 2 0 0 0 0 0
fn=version_check_doit
656 2 1 1 0 0 0 1 0 0
658 6 0 0 2 0 0 1 0 0
662 2 0 0 2 0 0 0 0 0
fl=/build/eglibc-oGUzwX/eglibc-2.19/elf/setup-vdso.h
fn=dl_main
24 2 0 0 1 0 0 0 0 0
fl=/build/eglibc-oGUzwX/eglibc-2.19/io/../sysdeps/unix/syscall-template.S
fn=__read_nocancel
81 3000 0 0 600 0 0 0 0 0
fn=__write_nocancel
81 5 0 0 1 0 0 0 0 0
fn=access
81 12 1 1 0 0 0 0 0 0
83 15 1 1 3 0 0 3 1 1
fn=close
81 12 1 1 0 0 0 0 0 0
82 3 0 0 3 0 0 0 0 0
fn=open
81 28 1 1 0 0 0 0 0 0
82 3 0 0 3 0 0 0 0 0
83 20 0 0 4 0 0 4 0 0
fn=read
81 1208 2 1 600 0 0 0 0 0
82 2 0 0 2 0 0 0 0 0
fn=write
81 2 1 1 1 0 0 0 0 0
fl=/build/eglibc-oGUzwX/eglibc-2.19/io/../sysdeps/unix/sysv/linux/wordsize-64/fxstat.c
fn=_fxstat
33 5 0 0 0 0 0 0 0 0
34 10 2 2 0 0 0 0 0 0
35 30 0 0 0 0 0 0 0 0
39 5 0 0 5 0 0 0 0 0
fl=/build/eglibc-oGUzwX/eglibc-2.19/io/../sysdeps/unix/sysv/linux/wordsize-64/xstat.c
fn=_xstat
33 4 0 0 0 0 0 0 0 0
34 8 1 1 0 0 0 0 0 0
35 36 0 0 3 0 0 3 0 0
39 1 0 0 1 0 0 0 0 0
fl=/build/eglibc-oGUzwX/eglibc-2.19/libio/feof.c
fn=feof
33 4 0 0 0 0 0 0 0 0
36 80 2 2 40 2 0 8 0 0
37 12 0 0 0 0 0 0 0 0
38 40 1 1 8 0 0 8 0 0
40 8 0 0 4 0 0 0 0 0
fl=/build/eglibc-oGUzwX/eglibc-2.19/libio/ferror.c
fn=ferror
33 131073 0 0 0 0 0 0 0 0
36 2621460 2 2 1310730 0 0 262146 0 0
37 393219 0 0 0 0 0 0 0 0
38 1310730 1 1 262146 0 0 262146 0 0
40 262146 0 0 131073 0 0 0 0 0
fl=/build/eglibc-oGUzwX/eglibc-2.19/libio/filedoalloc.c
fn=_IO_file_doallocate
96 10 1 1 0 0 0 6 0 0
111 16 1 1 6 1 0 2 2 0
113 8 0 0 2 0 0 0 0 0
124 12 1 1 2 1 0 0 0 0
128 16 0 0 0 0 0 2 0 0
129 10 1 1 0 0 0 2 0 0
130 2 0 0 0 0 0 0 0 0
131 10 0 0 8 0 0 0 0 0
fl=/build/eglibc-oGUzwX/eglibc-2.19/libio/fileops.c
fn=_IO_do_write@@GLIBC_2.2.5
509 12 1 1 0 0 0 8 0 0
511 10 0 0 0 0 0 0 0 0
512 12 0 0 10 0 0 0 0 0
523 4 1 1 1 0 0 0 0 0
530 4 0 0 2 0 0 0 0 0
538 6 1 1 2 0 0 1 0 0
539 3 0 0 1 0 0 0 0 0
541 4 1 1 1 0 0 3 0 0
542 2 0 0 0 0 0 2 0 0
543 1 0 0 0 0 0 1 0 0
544 3 0 0 1 0 0 0 0 0
545 4 0 0 2 0 0 0 0 0
fn=_IO_file_overflow@@GLIBC_2.2.5
824 8 1 1 0 0 0 6 0 0
825 6 0 0 2 0 0 0 0 0
832 10 0 0 2 0 0 0 0 0
835 2 1 1 1 0 0 0 0 0
837 2 1 1 0 0 0 1 0 0
838 6 0 0 2 0 0 3 0 0
847 2 1 1 0 0 0 0 0 0
856 4 0 0 2 0 0 0 0 0
858 1 0 0 0 0 0 1 0 0
859 2 0 0 0 0 0 1 0 0
860 1 0 0 0 0 0 1 0 0
861 2 0 0 0 0 0 2 0 0
863 3 1 1 0 0 0 1 0 0
864 5 0 0 1 0 0 0 0 0
867 4 0 0 0 0 0 0 0 0
868 4 1 1 0 0 0 0 0 0
869 2 0 0 0 0 0 0 0 0
880 6 0 0 6 0 0 0 0 0
fn=_IO_file_read
1204 2400 1 1 1200 0 0 0 0 0
fn=_IO_file_setbuf@@GLIBC_2.2.5
461 2 1 1 0 0 0 1 0 0
462 3 0 0 0 0 0 1 0 0
465 2 0 0 0 0 0 2 0 0
466 2 0 0 1 0 0 1 0 0
467 3 0 0 0 0 0 3 0 0
469 1 0 0 0 0 0 0 0 0
470 2 0 0 2 0 0 0 0 0
fn=_IO_file_stat
1222 2 1 1 0 0 0 0 0 0
1223 6 0 0 2 0 0 0 0 0
fn=_IO_file_sync@@GLIBC_2.2.5
886 2 1 1 0 0 0 1 0 0
891 4 0 0 2 0 0 0 0 0
893 1 1 1 1 0 0 0 0 0
894 2 0 0 1 0 0 0 0 0
911 2 0 0 0 0 0 1 0 0
915 2 0 0 2 0 0 0 0 0
fn=_IO_file_underflow@@GLIBC_2.2.5
552 2400 1 1 0 0 0 1200 0 0
560 1800 1 1 600 0 0 0 0 0
566 1800 0 0 1200 0 0 0 0 0
569 1200 0 0 600 0 0 0 0 0
572 3 2 2 1 0 0 0 0 0
577 4 0 0 1 0 0 1 0 0
582 1200 0 0 0 0 0 0 0 0
602 1200 3 1 0 0 0 600 0 0
608 1800 0 0 600 0 0 1200 0 0
609 600 0 0 0 0 0 600 0 0
610 1200 0 0 0 0 0 1200 0 0
611 600 0 0 0 0 0 600 0 0
613 3000 1 1 1800 3 0 600 0 0
615 1200 0 0 0 0 0 0 0 0
617 1 0 0 0 0 0 0 0 0
618 3 0 0 1 0 0 1 0 0
622 599 0 0 599 0 0 0 0 0
624 1 0 0 0 0 0 0 0 0
625 1797 0 0 599 0 0 0 0 0
627 1198 0 0 1198 2 0 0 0 0
628 2400 0 0 1800 0 0 0 0 0
fn=_IO_file_write@@GLIBC_2.2.5
1254 7 1 1 0 0 0 4 0 0
1256 7 0 0 0 0 0 0 0 0
1260 3 0 0 1 0 0 0 0 0
1261 3 1 1 1 1 0 1 0 0
1262 2 0 0 0 0 0 0 0 0
1267 1 0 0 0 0 0 0 0 0
1268 1 0 0 0 0 0 0 0 0
1271 3 0 0 1 0 0 0 0 0
1274 9 1 1 5 0 0 0 0 0
fn=_IO_file_xsputn@@GLIBC_2.2.5
1281 144 1 1 0 0 0 108 1 0
1287 36 0 0 0 0 0 0 0 0
1288 18 0 0 0 0 0 0 0 0
1294 108 0 0 18 0 0 0 0 0
1311 74 1 1 36 0 0 0 0 0
1312 34 0 0 0 0 0 0 0 0
1315 68 0 0 0 0 0 0 0 0
1320 85 0 0 0 0 0 34 2 0
1325 17 0 0 0 0 0 0 0 0
1326 51 0 0 0 0 0 0 0 0
1328 54 0 0 0 0 0 0 0 0
1332 6 0 0 2 1 0 1 1 0
1338 2 0 0 2 0 0 0 0 0
1339 6 1 1 0 0 0 0 0 0
1341 3 0 0 0 0 0 0 0 0
1352 2 0 0 0 0 0 0 0 0
1353 6 0 0 0 0 0 1 0 0
1355 36 1 1 0 0 0 0 0 0
1356 144 0 0 126 0 0 0 0 0
fl=/build/eglibc-oGUzwX/eglibc-2.19/libio/genops.c
fn=_IO_cleanup
950 13 2 2 4 0 0 0 0 0
952 9 0 0 3 0 0 0 0 0
953 4 0 0 0 0 0 0 0 0
954 2 0 0 0 0 0 0 0 0
956 4 0 0 1 0 0 0 0 0
962 17 1 1 7 0 0 2 0 0
970 5 0 0 2 0 0 0 0 0
972 2 0 0 0 0 0 1 0 0
974 2 0 0 1 0 0 1 0 0
975 1 1 1 0 0 0 1 0 0
976 2 0 0 1 0 0 1 0 0
977 4 0 0 1 0 0 1 0 0
980 5 0 0 2 0 0 1 0 0
983 5 0 0 1 0 0 0 0 0
984 8 1 1 3 0 0 1 0 0
990 3 1 1 0 0 0 3 0 0
1010 5 1 1 0 0 0 4 0 0
1013 3 0 0 0 0 0 1 0 0
1025 7 0 0 5 0 0 0 0 0
fn=_IO_default_setbuf
400 5 0 0 1 0 0 0 0 0
402 1 0 0 0 0 0 1 0 0
403 1 0 0 0 0 0 1 0 0
407 2 1 1 0 0 0 1 0 0
557 6 1 1 0 0 0 3 0 0
558 4 1 1 2 0 0 1 0 0
560 2 0 0 0 0 0 0 0 0
562 2 0 0 0 0 0 1 0 0
563 2 0 0 0 0 0 0 0 0
567 2 0 0 1 0 0 0 0 0
570 3 0 0 0 0 0 3 0 0
571 3 0 0 0 0 0 3 0 0
572 1 0 0 0 0 0 0 0 0
573 4 1 1 4 0 0 0 0 0
fn=_IO_default_uflow
434 1200 1 1 0 0 0 600 0 0
435 1200 0 0 1200 0 0 600 1 0
436 1200 0 0 0 0 0 0 0 0
438 2396 1 1 1198 0 0 599 0 0
439 1200 1 0 1200 0 0 0 0 0
fn=_IO_default_xsputn
447 6 0 0 0 0 0 5 0 0
450 6 0 0 0 0 0 0 0 0
451 1 0 0 0 0 0 0 0 0
455 4 1 1 2 0 0 0 0 0
457 3 0 0 0 0 0 0 0 0
460 2 0 0 0 0 0 0 0 0
470 12 1 1 0 0 0 0 0 0
474 17 1 1 0 0 0 0 0 0
475 24 1 1 7 0 0 8 1 1
478 1 0 0 0 0 0 0 0 0
480 2 0 0 0 0 0 0 0 0
484 2 0 0 0 0 0 0 0 0
485 6 0 0 6 0 0 0 0 0
fn=_IO_doallocbuf
414 8 1 1 0 0 0 6 0 0
415 4 0 0 2 0 0 0 0 0
417 6 1 1 2 0 0 0 0 0
418 10 0 0 4 2 0 2 1 0
421 8 0 0 8 0 0 0 0 0
fn=_IO_flush_all_lockp
822 8 1 1 0 0 0 6 0 0
823 1 0 0 0 0 0 0 0 0
828 3 0 0 0 0 0 0 0 0
833 1 0 0 1 1 1 0 0 0
834 1 1 1 1 1 0 0 0 0
835 8 0 0 0 0 0 0 0 0
837 3 0 0 0 0 0 3 0 0
838 6 1 1 0 0 0 0 0 0
839 2 0 0 1 0 0 0 0 0
841 20 2 2 9 2 1 0 0 0
848 4 0 0 2 1 0 1 0 0
849 3 0 0 0 0 0 0 0 0
851 6 1 1 0 0 0 0 0 0
853 3 1 1 0 0 0 3 0 0
855 9 1 1 3 0 0 0 0 0
862 3 0 0 3 1 0 0 0 0
866 2 0 0 0 0 0 0 0 0
868 2 0 0 0 0 0 0 0 0
872 9 0 0 7 0 0 0 0 0
fn=_IO_setb
399 10 1 1 0 0 0 4 2 0
400 8 0 0 4 0 0 0 0 0
402 2 0 0 0 0 0 2 0 0
403 2 0 0 0 0 0 2 0 0
405 12 0 0 0 0 0 2 0 0
408 8 0 0 6 0 0 0 0 0
fn=_IO_sputbackc
726 524292 1 1 0 0 0 262146 0 0
729 786438 0 0 524292 0 0 0 0 0
730 524292 0 0 262146 0 0 0 0 0
732 786438 2 1 0 0 0 262146 0 0
733 262146 0 0 0 0 0 0 0 0
739 262146 0 0 262146 0 0 0 0 0
742 524292 0 0 524292 0 0 0 0 0
fn=_IO_switch_to_get_mode
182 1200 1 1 0 0 0 600 0 0
183 1800 0 0 1200 0 0 0 0 0
186 1800 1 1 600 0 0 0 0 0
190 1200 0 0 600 0 0 600 0 0
191 1200 0 0 600 0 0 0 0 0
194 600 0 0 0 0 0 600 0 0
196 1200 0 0 0 0 0 1200 0 0
198 1200 0 0 0 0 0 600 0 0
199 600 0 0 0 0 0 0 0 0
200 1200 0 0 1200 0 0 0 0 0
fn=__uflow
363 1200 1 1 0 0 0 600 0 0
365 3000 1 1 600 0 0 0 0 0
371 3000 1 1 1800 0 0 0 0 0
374 1200 0 0 0 0 0 0 0 0
376 1200 0 0 0 0 0 0 0 0
382 1200 0 0 600 4 1 0 0 0
387 1800 2 2 600 0 0 0 0 0
389 2400 0 0 1200 3 0 0 0 0
390 600 0 0 600 0 0 0 0 0
fl=/build/eglibc-oGUzwX/eglibc-2.19/malloc/arena.c
fn=malloc_hook_ini
373 3 0 0 1 1 1 0 0 0
fn=memalign_hook_ini
373 3 0 0 1 0 0 0 0 0
fn=ptmalloc_init.part.7
334 225 0 0 75 10 0 0 0 0
336 148 0 0 74 37 0 0 0 0
337 2 1 1 1 0 0 0 0 0
338 2 0 0 1 0 0 0 0 0
352 74 0 0 0 0 0 0 0 0
371 6 1 1 0 0 0 5 0 0
376 1 0 0 0 0 0 1 0 0
384 2 1 1 1 0 0 0 0 0
385 7 1 1 0 0 0 1 0 0
386 4 0 0 2 0 0 0 0 0
391 3 0 0 1 1 0 1 1 0
392 12 1 1 1 1 0 6 2 2
394 5 1 1 2 1 0 0 0 0
410 2 0 0 0 0 0 0 0 0
455 2 0 0 0 0 0 0 0 0
461 2 1 1 2 1 1 0 0 0
462 2 0 0 0 0 0 0 0 0
464 1 0 0 0 0 0 1 1 0
465 7 0 0 6 1 0 0 0 0
fl=/build/eglibc-oGUzwX/eglibc-2.19/malloc/hooks.c
fn=malloc_hook_ini
29 4 0 0 1 0 0 2 0 0
30 2 1 1 1 0 0 1 0 0
32 1 0 0 0 0 0 0 0 0
33 1 0 0 0 0 0 0 0 0
fn=memalign_hook_ini
46 1 1 1 0 0 0 0 0 0
47 2 0 0 1 0 0 1 0 0
50 1 0 0 0 0 0 0 0 0
fl=/build/eglibc-oGUzwX/eglibc-2.19/malloc/malloc.c
fn=_int_free
1869 9 0 0 3 1 0 0 0 0
3814 27 1 1 0 0 0 21 0 0
3827 9 0 0 3 0 0 0 0 0
3833 12 0 0 0 0 0 0 0 0
3834 6 1 1 0 0 0 0 0 0
3845 12 0 0 0 0 0 0 0 0
3858 9 0 0 3 1 0 0 0 0
3869 12 0 0 3 0 0 0 0 0
3870 9 1 1 3 1 0 0 0 0
3894 3 0 0 0 0 0 0 0 0
3896 9 0 0 6 1 0 0 0 0
3897 6 0 0 0 0 0 0 0 0
3898 6 1 1 0 0 0 0 0 0
3901 3 0 0 3 0 0 0 0 0
3902 12 0 0 0 0 0 0 0 0
3907 9 0 0 3 0 0 0 0 0
3916 10 0 0 0 0 0 0 0 0
3918 3 1 1 0 0 0 3 0 0
3920 18 0 0 6 0 0 0 0 0
3922 10 0 0 0 0 0 0 0 0
4087 24 0 0 21 0 0 0 0 0
fn=_int_malloc
1862 18 0 0 6 3 1 0 0 0
2271 20 1 1 8 3 0 8 0 0
2272 2 1 1 0 0 0 0 0 0
2282 17 0 0 10 5 1 0 0 0
2297 15 0 0 6 0 0 0 0 0
2303 6 0 0 0 0 0 0 0 0
2305 24 1 1 0 0 0 6 0 0
2307 9 0 0 3 0 0 0 0 0
2322 9 0 0 0 0 0 0 0 0
2337 9 0 0 0 0 0 3 3 3
2342 9 0 0 6 0 0 0 0 0
2343 15 1 1 6 0 0 0 0 0
2346 9 0 0 6 0 0 0 0 0
2347 15 0 0 6 0 0 0 0 0
2360 1 0 0 0 0 0 0 0 0
2369 4 2 2 0 0 0 0 0 0
2378 3 1 1 0 0 0 0 0 0
2433 2 1 1 1 0 0 0 0 0
2442 5 0 0 1 0 0 0 0 0
2452 9 1 1 1 0 0 2 0 0
2460 2 1 1 0 0 0 0 0 0
2462 6 0 0 3 1 0 2 0 0
2466 5 0 0 2 0 0 0 0 0
2469 2 0 0 2 0 0 0 0 0
2470 2 0 0 0 0 0 0 0 0
2489 1 1 1 0 0 0 0 0 0
2516 2 0 0 1 1 1 0 0 0
2517 1 0 0 0 0 0 1 0 0
2518 3 0 0 1 0 0 1 0 0
2524 2 0 0 0 0 0 0 0 0
2527 8 3 3 1 0 0 0 0 0
2569 6 2 2 0 0 0 0 0 0
2588 1 0 0 0 0 0 0 0 0
2591 2 0 0 0 0 0 0 0 0
2592 7 1 1 2 0 0 0 0 0
2594 2 0 0 0 0 0 0 0 0
2595 4 0 0 2 0 0 2 0 0
2607 3 0 0 1 0 0 0 0 0
2615 2 0 0 2 0 0 0 0 0
2616 3 1 1 1 0 0 0 0 0
2654 1 0 0 0 0 0 1 0 0
2655 5 0 0 0 0 0 1 1 1
2656 2 0 0 0 0 0 1 0 0
2667 2 0 0 0 0 0 0 0 0
2700 2 1 1 1 0 0 0 0 0
2701 1 0 0 0 0 0 1 0 0
2706 2 0 0 1 0 0 0 0 0
2709 2 1 1 1 0 0 0 0 0
2711 1 0 0 0 0 0 0 0 0
2712 1 0 0 0 0 0 0 0 0
2713 1 0 0 0 0 0 1 0 0
2714 8 0 0 0 0 0 1 0 0
2715 2 0 0 0 0 0 1 0 0
2717 1 0 0 0 0 0 0 0 0
3302 48 2 2 0 0 0 42 0 0
3332 60 0 0 0 0 0 0 0 0
3340 12 0 0 6 3 1 0 0 0
3342 6 1 1 0 0 0 0 0 0
3343 6 0 0 0 0 0 0 0 0
3344 2 0 0 2 0 0 0 0 0
3348 4 0 0 0 0 0 0 0 0
3377 12 1 1 0 0 0 0 0 0
3379 6 0 0 0 0 0 0 0 0
3380 6 1 1 0 0 0 0 0 0
3382 9 0 0 3 3 1 0 0 0
3384 2 0 0 0 0 0 0 0 0
3421 69 2 2 0 0 0 0 0 0
3422 6 0 0 3 0 0 0 0 0
3423 4 1 1 1 0 0 2 1 0
3442 30 1 1 6 0 0 0 0 0
3576 12 2 2 0 0 0 0 0 0
3578 6 1 1 0 0 0 0 0 0
3581 9 0 0 3 0 0 0 0 0
3649 6 0 0 0 0 0 0 0 0
3650 12 0 0 0 0 0 0 0 0
3651 12 0 0 0 0 0 0 0 0
3652 12 0 0 6 2 0 0 0 0
3653 12 0 0 0 0 0 0 0 0
3658 36 0 0 0 0 0 0 0 0
3662 42 1 1 0 0 0 0 0 0
3665 36 1 1 9 3 0 0 0 0
3765 6 0 0 6 2 0 0 0 0
3766 18 0 0 6 0 0 0 0 0
3768 18 0 0 0 0 0 0 0 0
3770 2 0 0 0 0 0 0 0 0
3771 2 0 0 0 0 0 0 0 0
3772 2 0 0 0 0 0 2 0 0
3773 16 1 1 0 0 0 2 0 0
3775 4 0 0 0 0 0 2 1 1
3778 2 1 0 0 0 0 0 0 0
3785 8 0 0 4 0 0 0 0 0
3790 24 1 1 0 0 0 6 0 0
3792 150 1 1 0 0 0 60 0 0
3801 8 1 0 0 0 0 0 0 0
3806 54 3 1 42 0 0 0 0 0
4990 24 2 1 0 0 0 12 0 0
4992 18 0 0 6 0 0 6 0 0
5000 4 1 1 0 0 0 4 0 0
fn=_int_memalign
4379 18 0 0 0 0 0 15 0 0
4393 27 2 2 0 0 0 0 0 0
4403 9 0 0 0 0 0 3 0 0
4405 6 0 0 0 0 0 0 0 0
4408 3 0 0 0 0 0 0 0 0
4410 12 1 1 0 0 0 0 0 0
4419 15 0 0 0 0 0 0 0 0
4421 6 0 0 0 0 0 0 0 0
4422 9 0 0 0 0 0 0 0 0
4425 6 0 0 0 0 0 0 0 0
4426 12 1 1 3 0 0 0 0 0
4429 6 0 0 0 0 0 0 0 0
4431 6 1 1 3 0 0 3 0 0
4432 6 1 1 0 0 0 3 3 3
4433 3 0 0 0 0 0 0 0 0
4465 18 0 0 18 0 0 0 0 0
fn=_mid_memalign
3060 20 1 1 0 0 0 12 0 0
3065 8 0 0 8 3 0 0 0 0
3066 8 0 0 0 0 0 0 0 0
3067 1 0 0 0 0 0 0 0 0
3070 6 1 1 0 0 0 0 0 0
3074 6 0 0 0 0 0 0 0 0
3079 15 0 0 0 0 0 0 0 0
3086 6 0 0 0 0 0 0 0 0
3094 9 0 0 0 0 0 0 0 0
3102 30 2 2 12 0 0 0 0 0
3106 15 0 0 0 0 0 3 0 0
3107 6 0 0 0 0 0 0 0 0
3118 12 1 1 6 0 0 0 0 0
3119 12 0 0 3 0 0 0 0 0
3122 15 1 1 15 0 0 0 0 0
fn=free
2807 9 0 0 3 0 0 0 0 0
2808 3 0 0 0 0 0 0 0 0
2814 21 0 0 6 0 0 0 0 0
2821 3 0 0 6 0 0 0 0 0
2822 9 1 1 6 0 0 0 0 0
2827 6 0 0 0 0 0 0 0 0
2917 12 1 1 12 2 0 0 0 0
2918 12 0 0 0 0 0 0 0 0
2924 12 0 0 0 0 0 0 0 0
2927 6 0 0 0 0 0 0 0 0
2929 18 0 0 6 3 0 0 0 0
2932 9 1 1 3 1 0 0 0 0
2933 6 0 0 3 1 0 0 0 0
2934 6 0 0 0 0 0 0 0 0
2936 6 0 0 0 0 0 3 0 0
2937 9 1 1 0 0 0 3 0 0
2945 9 0 0 0 0 0 0 0 0
2946 6 0 0 0 0 0 0 0 0
fn=malloc
2876 16 2 1 0 0 0 8 2 0
2881 8 0 0 8 7 0 0 0 0
2882 8 0 0 0 0 0 0 0 0
2883 2 1 1 1 0 0 0 0 0
2885 6 1 1 6 4 0 0 0 0
2887 24 0 0 6 1 0 0 0 0
2891 12 0 0 0 0 0 3 0 0
2892 6 1 1 0 0 0 0 0 0
2903 12 0 0 6 0 0 0 0 0
2904 24 0 0 3 0 0 0 0 0
2907 18 1 1 12 0 0 0 0 0
fn=malloc_consolidate
1785 381 0 0 0 0 0 0 0 0
1788 381 0 0 0 0 0 254 31 31
1792 3 0 0 0 0 0 0 0 0
1796 3 1 1 1 0 0 1 0 0
1797 2 1 1 0 0 0 1 0 0
1799 1 0 0 0 0 0 1 1 1
4104 8 2 2 0 0 0 6 0 0
4126 5 0 0 1 0 0 0 0 0
4199 8 0 0 7 0 0 0 0 0
4996 1 1 1 0 0 0 0 0 0
fn=memalign
3055 6 1 1 3 0 0 0 0 0
fn=memalign_hook_ini
3055 2 1 1 1 0 0 0 0 0
fl=/build/eglibc-oGUzwX/eglibc-2.19/malloc/morecore.c
fn=__default_morecore
46 2 1 1 0 0 0 0 0 0
47 2 0 0 0 0 0 2 0 0
49 6 0 0 0 0 0 0 0 0
52 6 0 0 2 0 0 0 0 0
fl=/build/eglibc-oGUzwX/eglibc-2.19/misc/../sysdeps/unix/syscall-template.S
fn=__syscall_clock_gettime
62 12 1 1 0 0 0 0 0 0
63 6 0 0 6 0 0 0 0 0
fn=mmap
81 70 3 3 0 0 0 0 0 0
82 14 0 0 14 0 0 0 0 0
fn=mprotect
81 24 1 1 0 0 0 0 0 0
82 6 0 0 6 0 0 0 0 0
fn=munmap
81 16 0 0 0 0 0 0 0 0
82 4 0 0 4 0 0 0 0 0
fl=/build/eglibc-oGUzwX/eglibc-2.19/misc/../sysdeps/unix/sysv/linux/x86_64/brk.c
fn=brk
28 2 0 0 0 0 0 0 0 0
31 16 1 1 2 0 0 2 0 0
33 4 0 0 0 0 0 0 0 0
39 2 0 0 0 0 0 0 0 0
40 2 0 0 2 0 0 0 0 0
fl=/build/eglibc-oGUzwX/eglibc-2.19/misc/init-misc.c
fn=__init_misc
30 4 1 1 0 0 0 2 0 0
31 5 0 0 1 0 0 0 0 0
33 3 0 0 0 0 0 1 0 0
37 5 0 0 1 0 0 1 1 0
38 3 1 1 2 0 0 1 0 0
40 4 0 0 3 0 0 0 0 0
fl=/build/eglibc-oGUzwX/eglibc-2.19/misc/sbrk.c
fn=sbrk
34 8 1 1 0 0 0 6 0 0
42 11 1 1 5 3 1 0 0 0
43 6 1 1 1 0 0 1 0 0
46 4 0 0 0 0 0 0 0 0
50 4 0 0 0 0 0 0 0 0
53 3 0 0 0 0 0 1 0 0
57 10 0 0 8 0 0 0 0 0
fl=/build/eglibc-oGUzwX/eglibc-2.19/nptl/../nptl/sysdeps/unix/sysv/linux/register-atfork.c
fn=__linkin_atfork
116 2 1 1 1 1 1 1 0 0
117 6 0 0 2 1 0 0 0 0
119 1 0 0 1 0 0 0 0 0
fl=/build/eglibc-oGUzwX/eglibc-2.19/nptl/../nptl/sysdeps/unix/sysv/linux/unregister-atfork.c
fn=__unregister_atfork
28 2 0 0 0 0 0 1 0 0
36 1 1 1 1 1 0 0 0 0
39 4 0 0 0 0 0 0 0 0
40 3 0 0 1 1 0 0 0 0
45 1 0 0 1 1 0 0 0 0
121 2 0 0 2 0 0 0 0 0
fl=/build/eglibc-oGUzwX/eglibc-2.19/posix/../sysdeps/unix/syscall-template.S
fn=uname
81 4 1 1 0 0 0 0 0 0
82 1 0 0 1 0 0 0 0 0
fl=/build/eglibc-oGUzwX/eglibc-2.19/posix/../sysdeps/unix/sysv/linux/_exit.c
fn=_Exit
28 2 1 1 1 0 0 0 0 0
32 4 0 0 0 0 0 0 0 0
34 2 0 0 0 0 0 0 0 0
fl=/build/eglibc-oGUzwX/eglibc-2.19/rt/../sysdeps/unix/clock_gettime.c
fn=clock_gettime
93 6 1 1 0 0 0 0 0 0
115 42 0 0 18 15 0 6 0 0
134 12 0 0 6 0 0 0 0 0
fl=/build/eglibc-oGUzwX/eglibc-2.19/setjmp/../sysdeps/x86_64/bsd-_setjmp.S
fn=_setjmp
30 1 1 1 0 0 0 0 0 0
32 1 0 0 0 0 0 0 0 0
fl=/build/eglibc-oGUzwX/eglibc-2.19/setjmp/../sysdeps/x86_64/setjmp.S
fn=__sigsetjmp
26 4 2 2 0 0 0 4 0 0
35 4 0 0 0 0 0 0 0 0
36 8 2 2 4 0 0 0 0 0
37 4 0 0 0 0 0 4 0 0
41 4 0 0 0 0 0 4 0 0
42 4 0 0 0 0 0 4 0 0
43 4 0 0 0 0 0 4 0 0
44 4 0 0 0 0 0 4 0 0
45 4 0 0 0 0 0 0 0 0
47 8 0 0 4 0 0 0 0 0
49 4 0 0 0 0 0 4 0 0
50 4 0 0 4 0 0 0 0 0
53 8 0 0 4 0 0 0 0 0
55 4 1 1 0 0 0 4 1 1
59 3 0 0 0 0 0 0 0 0
60 3 0 0 3 0 0 0 0 0
64 1 0 0 0 0 0 0 0 0
fl=/build/eglibc-oGUzwX/eglibc-2.19/setjmp/sigjmp.c
fn=__sigjmp_save
28 2 0 0 0 0 0 1 0 0
29 4 0 0 0 0 0 1 0 0
34 3 0 0 2 0 0 0 0 0
fl=/build/eglibc-oGUzwX/eglibc-2.19/stdio-common/../nptl/sysdeps/pthread/allocalim.h
fn=_IO_vfscanf
28 389433 0 0 0 0 0 0 0 0
fl=/build/eglibc-oGUzwX/eglibc-2.19/stdio-common/_itoa.c
fn=_itoa_word
168 24 1 1 0 0 0 0 0 0
170 18 0 0 0 0 0 0 0 0
179 366 1 1 30 3 0 30 0 0
180 171 3 2 21 1 1 21 0 0
188 12 0 0 6 0 0 0 0 0
fl=/build/eglibc-oGUzwX/eglibc-2.19/stdio-common/fprintf.c
fn=fprintf
27 21 2 2 0 0 0 12 1 0
31 18 1 1 0 0 0 12 1 0
32 6 0 0 0 0 0 3 0 0
36 6 0 0 3 0 0 0 0 0
fl=/build/eglibc-oGUzwX/eglibc-2.19/stdio-common/fscanf.c
fn=fscanf
26 917518 1 1 0 0 0 524296 1 0
30 786444 2 2 0 0 0 524296 1 0
31 262148 0 0 0 0 0 131074 0 0
35 262148 0 0 131074 0 0 0 0 0
fl=/build/eglibc-oGUzwX/eglibc-2.19/stdio-common/printf-parse.h
fn=vfprintf
108 48 0 0 0 0 0 24 5 0
fl=/build/eglibc-oGUzwX/eglibc-2.19/stdio-common/printf.c
fn=printf
28 27 1 1 0 0 0 15 0 0
32 18 2 2 0 0 0 12 0 0
33 12 0 0 6 2 0 3 0 0
37 6 0 0 3 0 0 0 0 0
fl=/build/eglibc-oGUzwX/eglibc-2.19/stdio-common/vfprintf.c
fn=vfprintf
235 66 1 1 0 0 0 36 1 0
240 6 1 1 0 0 0 6 0 0
270 18 0 0 12 3 0 6 4 0
274 6 0 0 0 0 0 6 1 0
277 6 0 0 0 0 0 6 3 0
283 6 0 0 0 0 0 6 0 0
1295 29 1 1 6 4 0 1 0 0
1299 30 0 0 6 4 1 0 0 0
1310 12 0 0 0 0 0 0 0 0
1317 6 0 0 0 0 0 6 0 0
1321 36 1 1 18 0 0 18 3 0
1325 6 0 0 0 0 0 6 0 0
1332 6 0 0 0 0 0 6 3 0
1336 60 2 2 12 2 0 24 0 0
1337 90 1 1 48 6 0 6 0 0
1340 78 2 2 18 2 0 18 0 0
1344 18 1 1 12 0 0 0 0 0
1348 42 1 1 18 7 0 0 0 0
1375 6 0 0 0 0 0 6 3 0
1376 6 1 1 0 0 0 6 0 0
1377 6 0 0 0 0 0 6 0 0
1378 6 0 0 0 0 0 6 0 0
1379 6 0 0 0 0 0 6 1 0
1380 6 0 0 0 0 0 6 0 0
1381 6 0 0 0 0 0 6 0 0
1382 6 1 1 0 0 0 6 0 0
1383 6 0 0 0 0 0 6 0 0
1384 6 0 0 0 0 0 6 0 0
1385 6 0 0 0 0 0 6 0 0
1388 6 0 0 0 0 0 6 0 0
1389 6 0 0 0 0 0 6 0 0
1392 6 0 0 0 0 0 6 0 0
1393 6 0 0 0 0 0 0 0 0
1396 102 2 2 24 10 3 12 0 0
1559 18 0 0 0 0 0 6 1 0
1580 12 0 0 0 0 0 6 3 0
1632 6 1 1 0 0 0 3 0 0
1633 51 3 2 15 3 1 6 0 0
1638 6 0 0 0 0 0 3 0 0
1639 3 0 0 0 0 0 3 0 0
1640 51 3 3 15 3 1 6 0 0
1660 714 24 23 249 0 0 93 0 0
1680 12 1 1 6 0 0 0 0 0
1682 6 0 0 0 0 0 6 0 0
1688 24 1 1 6 0 0 12 0 0
1692 138 1 1 30 0 0 18 0 0
1694 12 0 0 6 0 0 0 0 0
2091 12 1 1 6 0 0 0 0 0
2093 12 0 0 6 0 0 0 0 0
2095 12 0 0 6 0 0 0 0 0
2098 60 1 1 30 0 0 6 0 0
2099 18 1 1 6 0 0 0 0 0
2101 6 0 0 6 0 0 0 0 0
2102 48 0 0 42 0 0 0 0 0
fl=/build/eglibc-oGUzwX/eglibc-2.19/stdio-common/vfscanf.c
fn=_IO_vfscanf
214 1572888 4 2 0 0 0 1048592 7 0
218 131074 0 0 0 0 0 131074 0 0
219 131074 0 0 0 0 0 0 0 0
220 131074 0 0 0 0 0 0 0 0
223 131073 0 0 0 0 0 0 0 0
225 393222 0 0 262148 5 0 131074 3 0
226 262148 0 0 131074 3 0 131074 0 0
230 131074 0 0 0 0 0 131074 0 0
250 131074 0 0 0 0 0 131074 0 0
262 131074 0 0 0 0 0 131074 0 0
263 131074 0 0 0 0 0 131074 0 0
264 131074 2 1 0 0 0 131074 0 0
265 131074 0 0 0 0 0 131074 0 0
269 131074 0 0 0 0 0 0 0 0
272 131074 0 0 0 0 0 131074 0 0
273 131074 0 0 0 0 0 131074 0 0
275 131074 1 1 0 0 0 131074 0 0
314 786444 1 1 393222 0 0 393222 1 0
320 655369 0 0 131074 4 0 1 0 0
323 655371 0 0 131074 3 1 0 0 0
327 262148 1 1 262148 0 0 0 0 0
335 262148 0 0 131074 4 0 131074 0 0
341 131074 0 0 131074 0 0 0 0 0
343 524296 0 0 131074 4 1 131074 0 0
358 3014702 3 3 1310740 10 1 524296 0 0
363 131074 0 0 0 0 0 131074 2 0
367 1048589 1 1 262147 4 1 0 0 0
404 393222 0 0 0 0 0 0 0 0
429 262148 0 0 0 0 0 131074 0 0
430 262148 0 0 0 0 0 0 0 0
456 131073 1 1 131073 0 0 0 0 0
469 917518 1 1 262148 0 0 131074 0 0
472 129811 1 1 0 0 0 0 0 0
475 524296 4 2 131074 0 0 0 0 0
493 1179666 3 3 131074 0 0 0 0 0
514 655370 0 0 0 0 0 131074 0 0
521 262148 0 0 0 0 0 131074 0 0
524 1179670 5 3 131074 4 1 0 0 0
537 393216 1 1 131072 0 0 0 0 0
545 262144 0 0 131072 0 0 0 0 0
604 262148 0 0 0 0 0 0 0 0
609 786444 1 1 0 0 0 0 0 0
610 655370 0 0 0 0 0 0 0 0
613 262148 1 1 262148 2 0 0 0 0
614 786444 0 0 262148 0 0 131074 0 0
620 2359661 6 4 786553 8 3 262295 0 0
623 1179662 0 0 524294 8 2 0 0 0
624 262148 0 0 0 0 0 262148 0 0
625 1310734 1 1 131073 0 0 393220 2 0
629 1048592 0 0 131074 4 1 0 0 0
1385 2 0 0 0 0 0 0 0 0
1386 2 1 1 2 0 0 0 0 0
1394 14 2 2 5 0 0 2 0 0
1396 6 0 0 1 0 0 1 0 0
1399 4 0 0 0 0 0 0 0 0
1408 3 0 0 0 0 0 0 0 0
1431 2 0 0 0 0 0 0 0 0
1434 6 2 2 1 0 0 0 0 0
1720 16 0 0 0 0 0 0 0 0
1722 8 1 1 4 0 0 0 0 0
1724 3 1 1 0 0 0 0 0 0
1727 25 1 1 4 0 0 3 0 0
1729 13 1 1 6 0 0 2 0 0
1777 33 5 5 0 0 0 3 0 0
1779 12 0 0 0 0 0 0 0 0
1781 30 1 1 9 0 0 3 0 0
1784 2 0 0 0 0 0 0 0 0
1785 2 0 0 0 0 0 0 0 0
1811 11 1 1 2 0 0 3 0 0
1814 4 0 0 2 0 0 1 0 0
1824 3 0 0 1 0 0 0 0 0
1825 6 1 1 1 0 0 1 0 0
1829 4 0 0 2 0 0 0 0 0
1832 2 0 0 1 0 0 0 0 0
1834 2 0 0 0 0 0 0 0 0
1838 2 1 1 1 0 0 0 0 0
1840 2 1 1 1 0 0 0 0 0
1842 2 1 1 1 0 0 0 0 0
1843 3 0 0 1 0 0 0 0 0
1857 10 1 1 3 0 0 2 0 0
1873 1179648 1 1 393216 0 0 131072 0 0
1875 655360 1 1 262144 0 0 0 0 0
1876 262144 0 0 0 0 0 0 0 0
1879 129810 1 1 0 0 0 129810 0 0
1882 786432 0 0 0 0 0 0 0 0
1884 65884 1 1 0 0 0 65884 0 0
1885 658868 1 1 263522 3 2 65884 0 0
1889 329420 0 0 131768 0 0 0 0 0
1892 130376 1 1 0 0 0 65188 0 0
1895 786432 1 1 393216 2 1 0 0 0
1916 262144 0 0 0 0 0 0 0 0
1979 131072 0 0 0 0 0 131072 0 0
1980 265930 0 0 1262 0 0 0 0 0
1982 13882 3 3 3786 0 0 3786 0 0
1983 8836 0 0 3785 0 0 1262 0 0
1985 5048 1 1 1262 0 0 0 0 0
1986 8834 0 0 5048 0 0 0 0 0
2001 2524 0 0 0 0 0 1262 0 0
2006 7147860 1 1 0 0 0 0 0 0
2008 5019812 2 2 0 0 0 0 0 0
2011 1835008 1 1 655360 0 0 131072 0 0
2013 6188102 2 2 0 0 0 2120476 4 0
2014 2120476 0 0 0 0 0 2120476 0 0
2019 1048576 0 0 524288 0 0 0 0 0
2020 1572864 2 1 1048576 2 1 0 0 0
2044 1441792 0 0 524288 0 0 131072 0 0
2046 786432 0 0 524288 0 0 0 0 0
2048 655360 2 1 262144 2 1 0 0 0
2049 524288 0 0 262144 0 0 0 0 0
2059 262144 0 0 0 0 0 0 0 0
2062 1572864 1 1 786432 0 0 0 0 0
2063 1572864 2 1 131072 0 0 524288 0 0
2064 393216 0 0 131072 0 0 0 0 0
2066 262144 0 0 0 0 0 131072 0 0
2077 1179648 2 2 262144 0 0 393216 0 0
2096 262144 0 0 0 0 0 0 0 0
2108 1310720 3 2 131072 0 0 393216 0 0
2115 27020768 2 2 11257740 117 58 2252096 0 0
2119 11257740 0 0 4503096 0 0 0 0 0
2124 262144 1 1 131072 0 0 0 0 0
2156 262148 0 0 0 0 0 131074 1 0
2344 655360 1 1 131072 0 0 0 0 0
2350 524288 1 1 262144 0 0 131072 0 0
2351 262144 0 0 131072 0 0 0 0 0
2353 524288 0 0 131072 0 0 0 0 0
2357 262144 0 0 131072 0 0 0 0 0
2359 262144 1 1 131072 0 0 131072 0 0
2360 655360 0 0 262144 0 0 0 0 0
2361 2031964 2 1 721244 2 1 262144 0 0
2370 262144 2 1 131072 0 0 0 0 0
2374 393219 1 1 131073 0 0 0 0 0
2590 262148 0 0 0 0 0 131074 0 0
2933 262146 0 0 0 0 0 0 0 0
2943 1703962 5 3 786444 0 0 131074 0 0
2945 262148 1 1 131074 0 0 0 0 0
2948 393222 0 0 131074 0 0 0 0 0
2951 262148 0 0 131074 0 0 0 0 0
2953 2 2 2 1 0 0 0 0 0
2968 393219 0 0 262146 0 0 0 0 0
2974 1048592 1 1 917518 0 0 0 0 0
fn=vfscanf
2987 262148 1 1 0 0 0 0 0 0
fl=/build/eglibc-oGUzwX/eglibc-2.19/stdlib/../include/rounding-mode.h
fn=round_and_return
46 655360 1 1 0 0 0 0 0 0
52 589344 1 1 0 0 0 0 0 0
fl=/build/eglibc-oGUzwX/eglibc-2.19/stdlib/../stdlib/gmp.h
fn=round_and_return
447 65376 0 0 0 0 0 0 0 0
448 65376 0 0 0 0 0 65376 0 0
fl=/build/eglibc-oGUzwX/eglibc-2.19/stdlib/../stdlib/strtol.c
fn=__strtol_internal
97 3 1 1 2 0 0 0 0 0
fl=/build/eglibc-oGUzwX/eglibc-2.19/stdlib/../stdlib/strtol_l.c
fn=____strtol_l_internal
232 9 2 2 0 0 0 7 1 0
246 1 0 0 1 0 0 0 0 0
252 1 0 0 0 0 0 0 0 0
258 2 0 0 0 0 0 0 0 0
279 1 0 0 0 0 0 0 0 0
280 1 0 0 0 0 0 0 0 0
289 4 0 0 0 0 0 0 0 0
298 6 0 0 3 0 0 0 0 0
300 2 1 1 0 0 0 0 0 0
304 1 0 0 0 0 0 1 0 0
305 2 0 0 0 0 0 0 0 0
310 2 0 0 0 0 0 0 0 0
314 2 1 1 0 0 0 0 0 0
324 2 0 0 0 0 0 0 0 0
331 3 0 0 0 0 0 0 0 0
334 5 1 1 0 0 0 0 0 0
376 1 0 0 0 0 0 0 0 0
379 3 0 0 1 1 1 0 0 0
380 3 1 1 1 1 1 1 0 0
382 1 0 0 0 0 0 0 0 0
383 1 0 0 0 0 0 0 0 0
384 1 0 0 0 0 0 0 0 0
438 17 1 1 3 0 0 0 0 0
440 9 1 1 0 0 0 0 0 0
442 9 0 0 0 0 0 0 0 0
456 2 0 0 0 0 0 1 0 0
470 9 1 1 0 0 0 0 0 0
473 12 0 0 0 0 0 0 0 0
478 4 0 0 0 0 0 0 0 0
479 6 0 0 0 0 0 0 0 0
484 2 0 0 0 0 0 0 0 0
489 3 0 0 1 0 0 0 0 0
490 1 0 0 0 0 0 1 0 0
495 2 0 0 0 0 0 0 0 0
496 3 2 2 0 0 0 0 0 0
498 3 0 0 1 0 0 0 0 0
513 1 0 0 0 0 0 0 0 0
531 8 0 0 7 0 0 0 0 0
fl=/build/eglibc-oGUzwX/eglibc-2.19/stdlib/../sysdeps/generic/get-rounding-mode.h
fn=round_and_return
93 131072 0 0 0 0 0 131072 0 0
94 917504 1 1 131072 0 0 0 0 0
103 131072 1 1 0 0 0 0 0 0
fl=/build/eglibc-oGUzwX/eglibc-2.19/stdlib/../sysdeps/ieee754/dbl-64/mpn2dbl.c
fn=__mpn_construct_double
33 524288 0 0 0 0 0 0 0 0
39 393216 1 1 131072 0 0 0 0 0
40 524288 0 0 0 0 0 0 0 0
46 262144 1 1 131072 0 0 131072 0 0
47 131072 0 0 131072 0 0 0 0 0
fl=/build/eglibc-oGUzwX/eglibc-2.19/stdlib/../sysdeps/x86_64/lshift.S
fn=__mpn_lshift
29 391954 1 1 0 0 0 0 0 0
30 391954 0 0 0 0 0 0 0 0
32 391954 0 0 0 0 0 0 0 0
33 391954 0 0 0 0 0 0 0 0
34 391954 0 0 0 0 0 0 0 0
46 391954 1 1 0 0 0 0 0 0
47 391954 0 0 0 0 0 0 0 0
48 391954 0 0 391954 0 0 0 0 0
49 391954 0 0 0 0 0 0 0 0
50 391954 0 0 0 0 0 0 0 0
51 391954 0 0 0 0 0 0 0 0
52 391954 0 0 0 0 0 0 0 0
58 391954 0 0 0 0 0 0 0 0
59 391954 0 0 0 0 0 391954 0 0
60 391954 0 0 391954 0 0 0 0 0
fl=/build/eglibc-oGUzwX/eglibc-2.19/stdlib/../sysdeps/x86_64/mul_1.S
fn=__mpn_mul_1
32 293210 1 1 0 0 0 293210 0 0
35 293210 0 0 0 0 0 0 0 0
36 293210 0 0 293210 0 0 0 0 0
37 293210 0 0 0 0 0 0 0 0
38 293210 0 0 0 0 0 0 0 0
39 293210 0 0 0 0 0 0 0 0
41 293210 0 0 0 0 0 0 0 0
42 293210 0 0 0 0 0 0 0 0
44 293210 0 0 0 0 0 0 0 0
45 293210 0 0 0 0 0 0 0 0
46 293210 0 0 0 0 0 0 0 0
47 293210 0 0 0 0 0 0 0 0
48 293210 0 0 0 0 0 0 0 0
50 293210 0 0 0 0 0 0 0 0
51 293210 0 0 0 0 0 0 0 0
52 293210 0 0 0 0 0 293210 0 0
53 293210 0 0 0 0 0 0 0 0
122 293210 1 1 0 0 0 0 0 0
124 293210 0 0 293210 0 0 0 0 0
127 293210 0 0 293210 0 0 0 0 0
fl=/build/eglibc-oGUzwX/eglibc-2.19/stdlib/cxa_atexit.c
fn=__cxa_atexit
35 2 0 0 0 0 0 1 0 0
37 2 0 0 0 0 0 0 0 0
41 3 1 1 1 0 0 0 0 0
43 1 0 0 0 0 0 1 0 0
44 1 0 0 0 0 0 1 0 0
45 1 0 0 0 0 0 1 0 0
47 1 0 0 0 0 0 1 0 0
48 1 0 0 0 0 0 0 0 0
57 6 1 1 0 0 0 3 0 0
59 4 0 0 4 0 0 0 0 0
fn=__new_exitfn
73 4 1 1 0 0 0 2 0 0
74 2 0 0 0 0 0 0 0 0
79 6 1 1 2 2 2 0 0 0
81 8 1 1 2 1 0 0 0 0
83 3 0 0 1 1 0 0 0 0
91 1 0 0 0 0 0 1 0 0
112 1 1 1 0 0 0 0 0 0
113 2 0 0 0 0 0 1 0 0
126 1 1 1 0 0 0 1 0 0
127 1 0 0 1 1 1 0 0 0
130 4 0 0 2 0 0 0 0 0
133 5 0 0 3 0 0 0 0 0
fl=/build/eglibc-oGUzwX/eglibc-2.19/stdlib/cxa_finalize.c
fn=__cxa_finalize
31 8 1 1 0 0 0 6 0 0
35 7 2 2 2 0 0 0 0 0
39 6 0 0 1 0 0 0 0 0
48 1 0 0 0 0 0 0 0 0
67 7 0 0 2 0 0 0 0 0
71 6 1 1 1 1 0 0 0 0
79 2 0 0 0 0 0 0 0 0
80 2 0 0 0 0 0 0 0 0
82 7 1 1 6 0 0 0 0 0
fl=/build/eglibc-oGUzwX/eglibc-2.19/stdlib/cxa_thread_atexit_impl.c
fn=__call_tls_dtors
82 3 1 1 0 0 0 3 0 0
83 5 1 1 1 1 0 1 0 0
101 4 1 1 4 0 0 0 0 0
fl=/build/eglibc-oGUzwX/eglibc-2.19/stdlib/exit.c
fn=__run_exit_handlers
35 8 1 1 0 0 0 4 0 0
40 2 0 0 1 1 0 1 0 0
46 8 0 0 2 1 0 0 0 0
50 6 1 1 0 0 0 0 0 0
52 1 0 0 0 0 0 1 0 0
53 1 0 0 0 0 0 0 0 0
54 5 0 0 1 0 0 0 0 0
78 1 1 1 1 0 0 0 0 0
80 2 0 0 1 0 0 0 0 0
82 3 0 0 1 0 0 1 0 0
83 1 0 0 0 0 0 0 0 0
87 2 0 0 1 0 0 1 0 0
88 2 0 0 0 0 0 0 0 0
94 2 1 1 0 0 0 0 0 0
95 8 0 0 1 1 0 1 0 0
97 2 0 0 0 0 0 1 0 0
fn=exit
103 1 0 0 0 0 0 0 0 0
104 3 1 1 0 0 0 1 0 0
fl=/build/eglibc-oGUzwX/eglibc-2.19/stdlib/mul.c
fn=__mpn_mul
57 3811730 1 1 0 0 0 2345680 0 0
63 586420 0 0 0 0 0 0 0 0
75 586420 0 0 0 0 0 0 0 0
76 293210 0 0 0 0 0 0 0 0
80 293210 0 0 293210 0 0 0 0 0
81 586420 1 1 0 0 0 0 0 0
90 879630 0 0 586420 0 0 293210 2 1
92 879630 0 0 293210 0 0 293210 0 0
93 293210 0 0 0 0 0 0 0 0
97 586420 0 0 0 0 0 0 0 0
151 2345680 2 1 2052470 0 0 0 0 0
fl=/build/eglibc-oGUzwX/eglibc-2.19/stdlib/strtod.c
fn=__strtod_internal
54 393216 2 1 262144 0 0 0 0 0
fl=/build/eglibc-oGUzwX/eglibc-2.19/stdlib/strtod_l.c
fn=____strtod_l_internal
483 1310720 2 2 0 0 0 917504 4 0
489 134858 2 2 0 0 0 0 0 0
537 131072 0 0 131072 0 0 0 0 0
539 262144 0 0 0 0 0 0 0 0
556 131072 0 0 0 0 0 131072 0 0
557 131072 0 0 0 0 0 0 0 0
571 393216 0 0 131072 0 0 262144 0 0
572 393216 0 0 0 0 0 262144 2 0
573 655360 1 1 393216 0 0 0 0 0
588 262144 0 0 0 0 0 131072 2 0
589 131072 1 1 0 0 0 131072 0 0
590 131072 0 0 0 0 0 0 0 0
594 131072 0 0 0 0 0 0 0 0
597 393216 0 0 131072 0 0 0 0 0
598 393216 0 0 131072 0 0 0 0 0
601 262144 0 0 0 0 0 0 0 0
606 262144 0 0 0 0 0 0 0 0
619 393216 0 0 131072 0 0 0 0 0
620 262144 0 0 0 0 0 0 0 0
628 393216 2 2 0 0 0 0 0 0
676 397002 2 2 133596 0 0 0 0 0
695 916242 1 1 131072 0 0 131072 0 0
696 2524 0 0 0 0 0 0 0 0
697 5048 1 1 1262 0 0 0 0 0
719 262144 0 0 131072 0 0 0 0 0
720 393216 0 0 0 0 0 0 0 0
721 6310 0 0 0 0 0 0 0 0
726 6310 0 0 1262 0 0 0 0 0
727 5048 0 0 0 0 0 0 0 0
734 2524 0 0 0 0 0 0 0 0
752 262144 1 1 0 0 0 0 0 0
762 1136082 1 1 0 0 0 0 0 0
763 262144 0 0 0 0 0 0 0 0
766 247622 1 1 0 0 0 0 0 0
775 262144 0 0 131072 0 0 0 0 0
788 742866 0 0 247622 0 0 0 0 0
789 247622 0 0 0 0 0 0 0 0
791 262144 0 0 0 0 0 0 0 0
833 524288 0 0 0 0 0 0 0 0
842 655360 1 1 131072 0 0 0 0 0
843 524288 0 0 131072 0 0 0 0 0
849 393216 0 0 131072 0 0 0 0 0
850 393216 0 0 131072 0 0 0 0 0
851 9888558 1 1 0 0 0 0 0 0
855 3754000 0 0 0 0 0 0 0 0
858 3745708 0 0 1872854 0 0 0 0 0
861 262144 1 1 0 0 0 0 0 0
867 262144 0 0 262144 2 1 0 0 0
868 524288 0 0 0 0 0 131072 0 0
869 393216 1 1 0 0 0 0 0 0
939 393216 1 1 0 0 0 0 0 0
1000 262144 0 0 0 0 0 0 0 0
1002 262144 0 0 131072 0 0 0 0 0
1007 262144 1 1 0 0 0 0 0 0
1010 262144 0 0 0 0 0 0 0 0
1029 393216 0 0 131072 0 0 0 0 0
1030 131072 0 0 0 0 0 131072 0 0
1032 262144 0 0 0 0 0 0 0 0
1035 262483 1 1 226 0 0 0 0 0
1044 226 0 0 113 0 0 0 0 0
1046 226 0 0 0 0 0 0 0 0
1055 339 0 0 113 0 0 0 0 0
1056 452 1 1 0 0 0 0 0 0
1059 565 0 0 113 0 0 0 0 0
1063 339 0 0 0 0 0 113 0 0
1064 113 0 0 0 0 0 0 0 0
1068 262144 1 1 0 0 0 0 0 0
1160 131072 0 0 131072 0 0 0 0 0
1161 226 0 0 0 0 0 0 0 0
1162 786319 0 0 0 0 0 0 0 0
1163 131072 0 0 0 0 0 0 0 0
1164 262144 1 1 0 0 0 131072 0 0
1167 524288 0 0 0 0 0 0 0 0
1170 262144 0 0 0 0 0 0 0 0
1173 262144 0 0 0 0 0 0 0 0
1176 1557720 2 2 259620 0 0 389430 0 0
1182 519240 0 0 259620 0 0 0 0 0
1226 389430 1 1 129810 0 0 0 0 0
1227 519240 0 0 0 0 0 0 0 0
1231 259620 1 1 0 0 0 0 0 0
1237 259620 0 0 0 0 0 0 0 0
1269 259620 0 0 0 0 0 0 0 0
1308 778860 1 1 129810 0 0 129810 0 0
1331 262144 0 0 0 0 0 131072 0 0
1332 262144 0 0 0 0 0 131072 0 0
1333 131072 2 1 0 0 0 0 0 0
1335 786432 2 1 131072 0 0 0 0 0
1344 262144 0 0 0 0 0 0 0 0
1347 519240 0 0 0 0 0 0 0 0
1348 389430 0 0 0 0 0 0 0 0
1353 6310 2 2 1262 0 0 0 0 0
1356 12620 0 0 0 0 0 0 0 0
1359 3786 0 0 0 0 0 0 0 0
1369 2524 2 1 0 0 0 0 0 0
1374 2524 0 0 0 0 0 0 0 0
1377 655360 1 1 0 0 0 0 0 0
1378 524288 0 0 0 0 0 0 0 0
1380 524288 0 0 0 0 0 131072 0 0
1388 655360 0 0 0 0 0 131072 0 0
1391 131072 0 0 0 0 0 0 0 0
1392 131072 0 0 0 0 0 0 0 0
1395 1057226 1 1 0 0 0 0 0 0
1398 424282 0 0 0 0 0 0 0 0
1400 848564 0 0 0 0 0 0 0 0
1402 555354 0 0 424282 4 2 0 0 0
1403 786432 0 0 131072 0 0 131072 0 0
1408 2838902 0 0 0 0 0 555354 0 0
1409 293210 1 1 293210 0 0 0 0 0
1412 586420 0 0 293210 0 0 0 0 0
1413 586420 0 0 0 0 0 0 0 0
1414 586420 0 0 0 0 0 0 0 0
1415 586420 2 1 0 0 0 0 0 0
1418 528613 0 0 0 0 0 0 0 0
1419 528613 0 0 0 0 0 0 0 0
1421 1057226 0 0 0 0 0 0 0 0
1423 655360 0 0 393216 0 0 0 0 0
1424 208400 0 0 41680 0 0 41680 0 0
1427 1179648 1 1 524288 0 0 262144 0 0
1444 524288 0 0 131072 0 0 131072 0 0
1446 262144 0 0 0 0 0 0 0 0
1450 655360 0 0 131072 0 0 131072 0 0
1451 655360 1 1 262144 0 0 131072 0 0
1452 393216 0 0 131072 0 0 0 0 0
1463 262144 0 0 0 0 0 131072 0 0
1465 262144 0 0 0 0 0 0 0 0
1472 131072 0 0 131072 0 0 0 0 0
1473 131072 0 0 131072 0 0 0 0 0
1474 524288 3 2 0 0 0 0 0 0
1478 655360 0 0 0 0 0 0 0 0
1516 3276800 4 4 131072 0 0 132334 0 0
1518 259620 1 1 129810 0 0 0 0 0
1520 524288 0 0 131072 0 0 0 0 0
1521 262144 0 0 0 0 0 0 0 0
1522 262144 0 0 0 0 0 0 0 0
1613 786432 2 2 131072 0 0 131072 0 0
1748 1048576 0 0 917504 0 0 0 0 0
fn=round_and_return
201 1441792 1 1 0 0 0 786432 0 0
204 262144 0 0 0 0 0 0 0 0
293 262144 1 1 0 0 0 0 0 0
296 261824 0 0 0 0 0 0 0 0
300 393216 0 0 0 0 0 0 0 0
305 196128 0 0 0 0 0 0 0 0
315 392896 1 1 0 0 0 0 0 0
327 524288 0 0 0 0 0 131072 2 0
328 2359296 2 2 1048576 0 0 0 0 0
fn=str_to_mpn.isra.0
337 2869702 2 2 260882 0 0 1826174 2 0
350 260882 0 0 0 0 0 260882 0 0
351 2087056 0 0 0 0 0 0 0 0
354 3718948 0 0 0 0 0 0 0 0
373 3718948 0 0 0 0 0 0 0 0
385 10601780 0 0 2120356 0 0 0 0 0
388 261918 0 0 0 0 0 0 0 0
395 261918 0 0 130959 0 0 0 0 0
398 6361068 1 1 0 0 0 0 0 0
399 2120356 0 0 0 0 0 0 0 0
401 4240712 0 0 0 0 0 0 0 0
403 1043528 1 1 521764 0 0 0 0 0
410 782646 0 0 260882 21 3 0 0 0
412 782646 0 0 260882 0 0 0 0 0
414 260882 0 0 0 0 0 260882 0 0
415 260882 0 0 0 0 0 260882 0 0
430 2347938 1 1 1826174 0 0 0 0 0
fl=/build/eglibc-oGUzwX/eglibc-2.19/string/../bits/stdlib-bsearch.h
fn=intel_check_word
27 8 1 1 0 0 0 0 0 0
28 16 0 0 0 0 0 0 0 0
29 110 1 1 0 0 0 0 0 0
31 154 0 0 0 0 0 0 0 0
32 54 1 1 0 0 0 0 0 0
37 8 0 0 0 0 0 0 0 0
fl=/build/eglibc-oGUzwX/eglibc-2.19/string/../string/memcmp.c
fn=bcmp
105 10 0 0 10 0 0 0 0 0
106 20 0 0 10 0 0 0 0 0
110 22 1 1 0 0 0 0 0 0
111 6 1 1 0 0 0 0 0 0
129 21 1 1 0 0 0 0 0 0
133 3 1 1 3 2 2 0 0 0
134 3 0 0 3 0 0 0 0 0
135 3 0 0 0 0 0 0 0 0
136 3 0 0 0 0 0 0 0 0
137 3 1 1 0 0 0 0 0 0
183 3 0 0 3 0 0 0 0 0
184 3 0 0 3 0 0 0 0 0
185 18 0 0 0 0 0 4 1 1
192 2 1 1 0 0 0 0 0 0
197 2 1 1 0 0 0 0 0 0
221 1 0 0 0 0 0 0 0 0
222 2 0 0 0 0 0 0 0 0
226 2 0 0 0 0 0 0 0 0
228 7 1 1 0 0 0 0 0 0
232 1 0 0 1 0 0 0 0 0
233 1 0 0 1 0 0 0 0 0
234 1 0 0 1 0 0 0 0 0
235 1 0 0 0 0 0 0 0 0
236 1 0 0 0 0 0 0 0 0
237 1 0 0 0 0 0 0 0 0
289 1 0 0 1 0 0 0 0 0
290 1 0 0 1 0 0 0 0 0
291 6 0 0 0 0 0 0 0 0
292 2 0 0 0 0 0 0 0 0
299 2 0 0 0 0 0 0 0 0
304 6 1 1 0 0 0 0 0 0
305 2 0 0 0 0 0 0 0 0
315 84 2 2 0 0 0 72 2 2
318 12 0 0 0 0 0 0 0 0
319 12 0 0 0 0 0 0 0 0
322 24 0 0 0 0 0 0 0 0
326 12 0 0 0 0 0 0 0 0
342 12 1 1 0 0 0 0 0 0
343 8 0 0 0 0 0 0 0 0
346 4 0 0 0 0 0 0 0 0
350 6 0 0 0 0 0 0 0 0
351 2 0 0 0 0 0 0 0 0
352 2 0 0 0 0 0 0 0 0
356 148 1 1 0 0 0 0 0 0
358 65 0 0 65 2 2 0 0 0
359 65 0 0 65 6 6 0 0 0
360 65 0 0 0 0 0 0 0 0
363 210 0 0 0 0 0 0 0 0
368 9 1 1 0 0 0 0 0 0
369 96 0 0 84 0 0 0 0 0
fl=/build/eglibc-oGUzwX/eglibc-2.19/string/../sysdeps/x86_64/memcpy.S
fn=__GI_mempcpy
61 17 1 1 0 0 0 0 0 0
65 17 0 0 0 0 0 0 0 0
68 17 0 0 0 0 0 0 0 0
69 17 0 0 0 0 0 0 0 0
71 12 0 0 12 0 0 0 0 0
72 12 0 0 0 0 0 12 1 0
74 12 0 0 0 0 0 0 0 0
75 12 0 0 0 0 0 0 0 0
80 17 0 0 0 0 0 0 0 0
81 17 0 0 0 0 0 0 0 0
83 11 0 0 11 0 0 0 0 0
84 11 0 0 0 0 0 11 2 0
86 11 0 0 0 0 0 0 0 0
87 11 0 0 0 0 0 0 0 0
92 17 0 0 0 0 0 0 0 0
93 17 0 0 0 0 0 0 0 0
95 8 0 0 8 0 0 0 0 0
96 8 0 0 0 0 0 8 0 0
98 8 0 0 0 0 0 0 0 0
99 8 0 0 0 0 0 0 0 0
104 17 0 0 0 0 0 0 0 0
105 17 0 0 0 0 0 0 0 0
107 9 0 0 9 0 0 0 0 0
108 9 0 0 0 0 0 9 3 3
110 9 0 0 0 0 0 0 0 0
111 18 0 0 0 0 0 0 0 0
116 17 1 1 0 0 0 0 0 0
117 20 0 0 0 0 0 0 0 0
122 3 0 0 3 0 0 0 0 0
123 3 0 0 3 0 0 0 0 0
124 3 0 0 0 0 0 3 0 0
125 3 0 0 0 0 0 3 0 0
127 3 0 0 0 0 0 0 0 0
129 3 0 0 0 0 0 0 0 0
130 3 0 0 0 0 0 0 0 0
132 3 0 0 0 0 0 0 0 0
138 17 0 0 0 0 0 0 0 0
142 17 0 0 17 0 0 0 0 0
fn=mempcpy
61 15 1 1 0 0 0 0 0 0
65 15 0 0 0 0 0 0 0 0
68 14 0 0 0 0 0 0 0 0
69 14 0 0 0 0 0 0 0 0
71 5 0 0 5 1 1 0 0 0
72 5 0 0 0 0 0 5 1 1
74 5 1 1 0 0 0 0 0 0
75 5 0 0 0 0 0 0 0 0
80 14 0 0 0 0 0 0 0 0
81 14 0 0 0 0 0 0 0 0
83 10 0 0 10 0 0 0 0 0
84 10 0 0 0 0 0 10 0 0
86 10 0 0 0 0 0 0 0 0
87 10 0 0 0 0 0 0 0 0
92 14 0 0 0 0 0 0 0 0
93 14 0 0 0 0 0 0 0 0
95 5 0 0 5 0 0 0 0 0
96 5 0 0 0 0 0 5 0 0
98 5 0 0 0 0 0 0 0 0
99 5 0 0 0 0 0 0 0 0
104 14 0 0 0 0 0 0 0 0
105 14 0 0 0 0 0 0 0 0
107 7 0 0 7 0 0 0 0 0
108 7 0 0 0 0 0 7 1 1
110 7 0 0 0 0 0 0 0 0
111 14 0 0 0 0 0 0 0 0
116 14 1 1 0 0 0 0 0 0
117 16 0 0 0 0 0 0 0 0
122 2 0 0 2 1 0 0 0 0
123 2 0 0 2 0 0 0 0 0
124 2 0 0 0 0 0 2 1 1
125 2 0 0 0 0 0 2 0 0
127 2 0 0 0 0 0 0 0 0
129 2 0 0 0 0 0 0 0 0
130 2 0 0 0 0 0 0 0 0
132 2 0 0 0 0 0 0 0 0
138 14 0 0 0 0 0 0 0 0
142 14 0 0 14 0 0 0 0 0
154 2 0 0 0 0 0 0 0 0
156 2 0 0 0 0 0 0 0 0
157 2 0 0 0 0 0 0 0 0
183 2 1 1 0 0 0 0 0 0
184 2 0 0 0 0 0 0 0 0
187 2 0 0 0 0 0 0 0 0
188 2 0 0 0 0 0 0 0 0
189 2 0 0 0 0 0 0 0 0
194 2 0 0 0 0 0 0 0 0
196 2 0 0 2 0 0 0 0 0
197 2 0 0 2 0 0 0 0 0
198 2 0 0 2 0 0 0 0 0
199 2 1 1 2 0 0 0 0 0
201 2 0 0 0 0 0 2 0 0
202 2 0 0 0 0 0 2 1 1
203 2 0 0 0 0 0 2 0 0
204 2 0 0 0 0 0 2 1 1
206 2 0 0 0 0 0 0 0 0
207 2 0 0 0 0 0 0 0 0
209 2 0 0 0 0 0 0 0 0
231 2 1 1 0 0 0 0 0 0
233 2 0 0 0 0 0 0 0 0
235 1 0 0 0 0 0 0 0 0
242 1 0 0 1 0 0 0 0 0
fl=/build/eglibc-oGUzwX/eglibc-2.19/string/../sysdeps/x86_64/multiarch/../cacheinfo.c
fn=handle_intel
305 16 0 0 0 0 0 12 0 0
306 4 1 1 0 0 0 0 0 0
317 6 1 1 0 0 0 2 0 0
319 2 0 0 0 0 0 2 0 0
320 4 0 0 0 0 0 2 0 0
322 2 0 0 0 0 0 0 0 0
328 8 2 2 0 0 0 2 0 0
333 4 0 0 0 0 0 0 0 0
335 6 0 0 0 0 0 2 0 0
336 2 0 0 0 0 0 0 0 0
340 10 0 0 0 0 0 2 0 0
341 4 0 0 0 0 0 0 0 0
344 10 0 0 0 0 0 2 0 0
345 4 0 0 0 0 0 0 0 0
362 16 1 1 14 0 0 0 0 0
fn=init_cacheinfo
550 3 1 1 0 0 0 3 0 0
563 3 0 0 1 0 0 0 0 0
570 2 0 0 0 0 0 0 0 0
572 4 0 0 1 0 0 1 0 0
575 1 0 0 0 0 0 0 0 0
576 4 1 1 1 0 0 1 0 0
578 2 0 0 0 0 0 0 0 0
589 1 0 0 1 0 0 0 0 0
607 4 0 0 1 0 0 0 0 0
614 17 1 1 0 0 0 0 0 0
620 8 0 0 0 0 0 0 0 0
623 20 0 0 0 0 0 0 0 0
625 2 1 1 0 0 0 0 0 0
631 5 0 0 0 0 0 0 0 0
638 9 1 1 0 0 0 0 0 0
640 2 0 0 0 0 0 0 0 0
642 8 0 0 0 0 0 0 0 0
644 4 0 0 0 0 0 0 0 0
649 1 1 1 0 0 0 0 0 0
651 4 0 0 0 0 0 0 0 0
652 2 0 0 0 0 0 0 0 0
653 1 0 0 0 0 0 0 0 0
657 2 0 0 0 0 0 0 0 0
669 4 0 0 0 0 0 0 0 0
670 5 1 1 0 0 0 0 0 0
744 2 0 0 0 0 0 0 0 0
746 3 1 1 0 0 0 1 0 0
747 1 0 0 0 0 0 1 1 1
749 1 0 0 0 0 0 0 0 0
750 3 0 0 0 0 0 1 0 0
751 1 0 0 0 0 0 1 0 0
754 2 0 0 0 0 0 0 0 0
756 3 0 0 0 0 0 1 0 0
757 1 0 0 0 0 0 1 1 1
759 1 0 0 0 0 0 0 0 0
760 3 0 0 0 0 0 1 0 0
761 1 0 0 0 0 0 1 0 0
763 4 0 0 4 0 0 0 0 0
fn=intel_check_word
150 108 0 0 54 6 6 0 0 0
153 54 0 0 0 0 0 0 0 0
161 16 0 0 0 0 0 12 0 0
162 8 1 1 0 0 0 0 0 0
164 2 0 0 0 0 0 0 0 0
168 28 0 0 0 0 0 0 0 0
170 32 0 0 0 0 0 0 0 0
172 10 1 1 0 0 0 0 0 0
174 20 0 0 0 0 0 0 0 0
182 20 0 0 0 0 0 0 0 0
194 39 0 0 0 0 0 0 0 0
199 16 1 1 0 0 0 0 0 0
203 10 1 1 0 0 0 0 0 0
205 5 1 1 0 0 0 0 0 0
210 8 0 0 0 0 0 0 0 0
213 2 1 1 0 0 0 0 0 0
215 4 0 0 0 0 0 0 0 0
217 10 1 1 0 0 0 0 0 0
218 8 0 0 0 0 0 0 0 0
219 8 0 0 0 0 0 0 0 0
220 2 0 0 0 0 0 0 0 0
228 3 0 0 0 0 0 0 0 0
235 16 0 0 0 0 0 0 0 0
295 8 0 0 0 0 0 0 0 0
300 16 0 0 16 0 0 0 0 0
fl=/build/eglibc-oGUzwX/eglibc-2.19/string/../sysdeps/x86_64/multiarch/../memcpy.S
fn=__GI_memcpy
61 302562 1 1 0 0 0 0 0 0
63 302562 0 0 0 0 0 0 0 0
65 302562 0 0 0 0 0 0 0 0
68 302562 0 0 0 0 0 0 0 0
69 302562 0 0 0 0 0 0 0 0
80 302562 1 1 0 0 0 0 0 0
81 302562 0 0 0 0 0 0 0 0
92 302562 0 0 0 0 0 0 0 0
93 302562 0 0 0 0 0 0 0 0
104 302562 0 0 0 0 0 0 0 0
105 302562 0 0 0 0 0 0 0 0
107 302562 0 0 302562 4 2 0 0 0
108 302562 0 0 0 0 0 302562 2 0
110 302562 0 0 0 0 0 0 0 0
111 302562 1 1 0 0 0 0 0 0
116 302562 0 0 0 0 0 0 0 0
117 302562 0 0 0 0 0 0 0 0
140 302562 0 0 302562 0 0 0 0 0
fn=memcpy
61 16 1 1 0 0 0 0 0 0
63 16 0 0 0 0 0 0 0 0
65 16 0 0 0 0 0 0 0 0
68 15 0 0 0 0 0 0 0 0
69 15 0 0 0 0 0 0 0 0
71 3 0 0 3 0 0 0 0 0
72 3 0 0 0 0 0 3 2 2
74 3 0 0 0 0 0 0 0 0
75 3 0 0 0 0 0 0 0 0
80 15 0 0 0 0 0 0 0 0
81 15 0 0 0 0 0 0 0 0
83 3 0 0 3 0 0 0 0 0
84 3 0 0 0 0 0 3 1 1
86 3 0 0 0 0 0 0 0 0
87 6 0 0 0 0 0 0 0 0
92 15 1 1 0 0 0 0 0 0
93 15 0 0 0 0 0 0 0 0
95 3 0 0 3 0 0 0 0 0
96 3 0 0 0 0 0 3 0 0
98 3 0 0 0 0 0 0 0 0
99 3 0 0 0 0 0 0 0 0
104 15 0 0 0 0 0 0 0 0
105 15 0 0 0 0 0 0 0 0
107 9 0 0 9 0 0 0 0 0
108 9 0 0 0 0 0 9 1 1
110 9 0 0 0 0 0 0 0 0
111 9 0 0 0 0 0 0 0 0
116 15 0 0 0 0 0 0 0 0
117 21 0 0 0 0 0 0 0 0
122 6 0 0 6 0 0 0 0 0
123 6 0 0 6 0 0 0 0 0
124 6 0 0 0 0 0 6 0 0
125 6 0 0 0 0 0 6 2 2
127 6 0 0 0 0 0 0 0 0
129 6 0 0 0 0 0 0 0 0
130 6 0 0 0 0 0 0 0 0
132 6 0 0 0 0 0 0 0 0
140 15 1 1 15 0 0 0 0 0
148 5 0 0 0 0 0 5 0 0
154 5 0 0 0 0 0 0 0 0
156 5 0 0 0 0 0 0 0 0
157 5 0 0 0 0 0 0 0 0
160 1 0 0 0 0 0 0 0 0
161 2 0 0 0 0 0 0 0 0
166 4 0 0 4 0 0 0 0 0
167 4 0 0 0 0 0 4 0 0
169 4 0 0 0 0 0 0 0 0
171 4 0 0 0 0 0 0 0 0
172 4 0 0 0 0 0 0 0 0
174 5 0 0 0 0 0 0 0 0
183 5 1 1 0 0 0 0 0 0
184 5 0 0 0 0 0 0 0 0
187 5 0 0 0 0 0 0 0 0
188 5 0 0 0 0 0 0 0 0
189 5 0 0 0 0 0 0 0 0
194 4 0 0 0 0 0 0 0 0
196 4 0 0 4 0 0 0 0 0
197 4 0 0 4 0 0 0 0 0
198 4 0 0 4 0 0 0 0 0
199 4 1 1 4 0 0 0 0 0
201 4 0 0 0 0 0 4 1 1
202 4 0 0 0 0 0 4 0 0
203 4 0 0 0 0 0 4 0 0
204 4 0 0 0 0 0 4 0 0
206 4 0 0 0 0 0 0 0 0
207 4 0 0 0 0 0 0 0 0
209 4 0 0 0 0 0 0 0 0
231 5 1 1 0 0 0 0 0 0
237 5 0 0 5 0 0 0 0 0
238 5 0 0 0 0 0 0 0 0
240 1 0 0 1 0 0 0 0 0
fl=/build/eglibc-oGUzwX/eglibc-2.19/string/../sysdeps/x86_64/multiarch/../rtld-strlen.S
fn=strlen
26 13 1 1 0 0 0 0 0 0
27 13 0 0 0 0 0 0 0 0
28 13 0 0 0 0 0 0 0 0
29 13 0 0 0 0 0 0 0 0
31 6 0 0 0 0 0 0 0 0
32 6 0 0 0 0 0 0 0 0
34 23 0 0 23 0 0 0 0 0
35 23 0 0 0 0 0 0 0 0
36 22 0 0 0 0 0 0 0 0
37 22 0 0 0 0 0 0 0 0
38 22 0 0 0 0 0 0 0 0
40 24 0 0 0 0 0 0 0 0
45 16 1 1 16 0 0 0 0 0
46 16 0 0 0 0 0 0 0 0
47 16 0 0 0 0 0 0 0 0
48 16 0 0 0 0 0 0 0 0
51 16 0 0 0 0 0 0 0 0
52 13 0 0 0 0 0 0 0 0
53 13 0 0 0 0 0 0 0 0
54 13 0 0 0 0 0 0 0 0
56 13 0 0 0 0 0 0 0 0
59 13 0 0 13 0 0 0 0 0
60 13 0 0 0 0 0 0 0 0
61 13 0 0 0 0 0 0 0 0
62 13 0 0 0 0 0 0 0 0
65 13 0 0 0 0 0 0 0 0
66 7 0 0 0 0 0 0 0 0
67 7 0 0 0 0 0 0 0 0
68 7 0 0 0 0 0 0 0 0
70 7 0 0 0 0 0 0 0 0
73 6 0 0 6 0 0 0 0 0
74 6 0 0 0 0 0 0 0 0
75 6 0 0 0 0 0 0 0 0
76 6 0 0 0 0 0 0 0 0
79 6 0 0 0 0 0 0 0 0
80 6 0 0 0 0 0 0 0 0
81 6 0 0 0 0 0 0 0 0
82 6 0 0 0 0 0 0 0 0
84 6 0 0 0 0 0 0 0 0
87 6 0 0 6 0 0 0 0 0
88 6 0 0 0 0 0 0 0 0
89 6 0 0 0 0 0 0 0 0
90 6 0 0 0 0 0 0 0 0
93 6 0 0 0 0 0 0 0 0
94 5 0 0 0 0 0 0 0 0
95 5 0 0 0 0 0 0 0 0
96 5 0 0 0 0 0 0 0 0
98 6 0 0 0 0 0 0 0 0
101 12 1 1 0 0 0 0 0 0
103 12 0 0 0 0 0 0 0 0
104 12 0 0 0 0 0 0 0 0
105 12 0 0 0 0 0 0 0 0
107 12 0 0 0 0 0 0 0 0
108 12 0 0 0 0 0 0 0 0
109 12 1 1 0 0 0 0 0 0
111 12 0 0 0 0 0 0 0 0
112 12 0 0 0 0 0 0 0 0
113 10 0 0 0 0 0 0 0 0
115 10 0 0 0 0 0 0 0 0
116 10 0 0 0 0 0 0 0 0
117 9 0 0 0 0 0 0 0 0
119 9 0 0 0 0 0 0 0 0
121 9 0 0 0 0 0 0 0 0
122 9 0 0 0 0 0 0 0 0
123 7 0 0 0 0 0 0 0 0
125 7 0 0 0 0 0 0 0 0
126 7 0 0 0 0 0 0 0 0
127 7 0 0 0 0 0 0 0 0
129 7 0 0 0 0 0 0 0 0
130 7 0 0 0 0 0 0 0 0
131 5 0 0 0 0 0 0 0 0
133 13 0 0 0 0 0 0 0 0
134 13 0 0 13 0 0 0 0 0
fl=/build/eglibc-oGUzwX/eglibc-2.19/string/../sysdeps/x86_64/multiarch/../strchr.S
fn=index
24 7 1 1 0 0 0 0 0 0
25 7 0 0 0 0 0 0 0 0
26 7 0 0 0 0 0 0 0 0
27 7 0 0 0 0 0 0 0 0
28 7 0 0 0 0 0 0 0 0
29 7 0 0 0 0 0 0 0 0
30 7 0 0 0 0 0 0 0 0
31 7 0 0 0 0 0 0 0 0
32 7 0 0 7 2 2 0 0 0
33 7 0 0 0 0 0 0 0 0
34 7 0 0 0 0 0 0 0 0
35 7 0 0 0 0 0 0 0 0
36 7 0 0 0 0 0 0 0 0
37 7 0 0 0 0 0 0 0 0
38 7 0 0 0 0 0 0 0 0
39 7 1 1 0 0 0 0 0 0
40 7 0 0 0 0 0 0 0 0
41 5 0 0 0 0 0 0 0 0
45 5 0 0 0 0 0 0 0 0
46 5 0 0 0 0 0 0 0 0
47 5 0 0 5 0 0 0 0 0
48 5 0 0 0 0 0 0 0 0
50 5 0 0 5 0 0 0 0 0
54 2 0 0 2 0 0 0 0 0
55 2 0 0 0 0 0 0 0 0
56 2 0 0 0 0 0 0 0 0
57 2 0 0 0 0 0 0 0 0
58 2 0 0 0 0 0 0 0 0
59 2 0 0 0 0 0 0 0 0
60 2 0 0 2 0 0 0 0 0
61 2 0 0 0 0 0 0 0 0
62 2 0 0 0 0 0 0 0 0
63 2 1 1 0 0 0 0 0 0
64 2 0 0 0 0 0 0 0 0
65 2 0 0 0 0 0 0 0 0
66 2 0 0 0 0 0 0 0 0
67 2 0 0 2 0 0 0 0 0
68 2 0 0 0 0 0 0 0 0
69 2 0 0 0 0 0 0 0 0
70 2 0 0 0 0 0 0 0 0
71 2 0 0 0 0 0 0 0 0
72 2 0 0 0 0 0 0 0 0
73 2 0 0 0 0 0 0 0 0
74 2 0 0 0 0 0 0 0 0
75 2 0 0 0 0 0 0 0 0
76 2 0 0 0 0 0 0 0 0
77 2 0 0 0 0 0 0 0 0
129 2 1 1 0 0 0 0 0 0
133 2 0 0 0 0 0 0 0 0
134 2 0 0 0 0 0 0 0 0
135 2 0 0 2 0 0 0 0 0
136 2 0 0 0 0 0 0 0 0
138 2 0 0 2 0 0 0 0 0
fl=/build/eglibc-oGUzwX/eglibc-2.19/string/../sysdeps/x86_64/multiarch/../strcmp.S
fn=strcmp
131 1679 1 1 1679 41 18 0 0 0
132 1679 0 0 1679 24 3 0 0 0
133 1679 0 0 0 0 0 0 0 0
134 1565 0 0 0 0 0 0 0 0
135 1565 0 0 0 0 0 0 0 0
136 1565 0 0 0 0 0 0 0 0
137 1565 0 0 0 0 0 0 0 0
139 132 0 0 0 0 0 0 0 0
140 132 0 0 132 0 0 0 0 0
142 114 0 0 0 0 0 0 0 0
143 114 0 0 0 0 0 0 0 0
144 114 0 0 0 0 0 0 0 0
145 114 0 0 114 0 0 0 0 0
fl=/build/eglibc-oGUzwX/eglibc-2.19/string/../sysdeps/x86_64/multiarch/memmove.c
fn=memcpy@GLIBC_2.2.5
49 1 1 1 0 0 0 0 0 0
fl=/build/eglibc-oGUzwX/eglibc-2.19/string/../sysdeps/x86_64/multiarch/strcmp.S
fn=strcasecmp
114 1 1 1 1 1 1 0 0 0
115 1 0 0 0 0 0 0 0 0
116 1 0 0 0 0 0 1 0 0
119 1 0 0 0 0 0 0 0 0
120 1 0 0 1 0 0 0 0 0
121 1 0 0 0 0 0 0 0 0
132 1 1 1 1 0 0 0 0 0
fn=strncasecmp
140 1 1 1 1 0 0 0 0 0
141 1 0 0 0 0 0 0 0 0
145 1 0 0 0 0 0 0 0 0
146 1 0 0 1 0 0 0 0 0
147 1 0 0 0 0 0 0 0 0
158 1 1 1 1 0 0 0 0 0
fl=/build/eglibc-oGUzwX/eglibc-2.19/string/../sysdeps/x86_64/rtld-memset.S
fn=memset
30 13 1 0 0 0 0 0 0 0
31 13 0 0 0 0 0 0 0 0
32 13 0 0 0 0 0 0 0 0
33 2161 0 0 0 0 0 2148 34 34
34 13 0 0 0 0 0 0 0 0
35 13 0 0 13 0 0 0 0 0
fl=/build/eglibc-oGUzwX/eglibc-2.19/string/../sysdeps/x86_64/strchr.S
fn=strchrnul
24 12 1 1 0 0 0 0 0 0
25 12 0 0 0 0 0 0 0 0
26 12 0 0 0 0 0 0 0 0
27 12 0 0 0 0 0 0 0 0
28 12 1 1 0 0 0 0 0 0
29 12 0 0 0 0 0 0 0 0
30 12 0 0 0 0 0 0 0 0
31 12 0 0 0 0 0 0 0 0
32 12 0 0 12 6 2 0 0 0
33 12 0 0 0 0 0 0 0 0
34 12 0 0 0 0 0 0 0 0
35 12 0 0 0 0 0 0 0 0
36 12 0 0 0 0 0 0 0 0
37 12 0 0 0 0 0 0 0 0
38 12 0 0 0 0 0 0 0 0
39 12 0 0 0 0 0 0 0 0
40 12 0 0 0 0 0 0 0 0
41 9 0 0 0 0 0 0 0 0
43 9 0 0 0 0 0 0 0 0
50 9 0 0 9 0 0 0 0 0
54 3 1 1 3 1 1 0 0 0
55 3 0 0 0 0 0 0 0 0
56 3 0 0 0 0 0 0 0 0
57 3 0 0 0 0 0 0 0 0
58 3 0 0 0 0 0 0 0 0
59 3 0 0 0 0 0 0 0 0
60 3 0 0 3 1 1 0 0 0
61 3 0 0 0 0 0 0 0 0
62 3 0 0 0 0 0 0 0 0
63 3 0 0 0 0 0 0 0 0
64 3 0 0 0 0 0 0 0 0
65 3 0 0 0 0 0 0 0 0
66 3 0 0 0 0 0 0 0 0
67 3 0 0 3 0 0 0 0 0
68 3 0 0 0 0 0 0 0 0
69 3 2 1 0 0 0 0 0 0
70 3 0 0 0 0 0 0 0 0
71 3 0 0 0 0 0 0 0 0
72 3 0 0 0 0 0 0 0 0
73 3 0 0 0 0 0 0 0 0
74 3 0 0 0 0 0 0 0 0
75 3 0 0 0 0 0 0 0 0
76 3 0 0 0 0 0 0 0 0
77 3 0 0 0 0 0 0 0 0
129 3 1 1 0 0 0 0 0 0
131 3 0 0 0 0 0 0 0 0
138 3 0 0 3 0 0 0 0 0
fl=/build/eglibc-oGUzwX/eglibc-2.19/string/../sysdeps/x86_64/strlen.S
fn=strlen
66 131072 2 1 0 0 0 0 0 0
67 131072 0 0 0 0 0 0 0 0
68 131072 0 0 0 0 0 0 0 0
69 131072 1 1 0 0 0 0 0 0
70 131072 0 0 0 0 0 0 0 0
71 131072 0 0 0 0 0 0 0 0
72 131072 0 0 0 0 0 0 0 0
74 131072 0 0 0 0 0 0 0 0
76 131072 0 0 0 0 0 0 0 0
106 131072 0 0 131072 0 0 0 0 0
107 131072 0 0 0 0 0 0 0 0
108 131072 0 0 0 0 0 0 0 0
109 131072 0 0 0 0 0 0 0 0
110 131072 0 0 0 0 0 0 0 0
111 131072 0 0 0 0 0 0 0 0
112 131072 0 0 131072 0 0 0 0 0
fl=/build/eglibc-oGUzwX/eglibc-2.19/string/../sysdeps/x86_64/strrchr.S
fn=rindex
24 1 1 1 0 0 0 0 0 0
25 1 0 0 0 0 0 0 0 0
26 1 0 0 0 0 0 0 0 0
27 1 0 0 0 0 0 0 0 0
28 1 1 1 0 0 0 0 0 0
29 1 0 0 0 0 0 0 0 0
30 1 0 0 0 0 0 0 0 0
31 1 0 0 0 0 0 0 0 0
32 1 0 0 1 1 0 0 0 0
33 1 0 0 0 0 0 0 0 0
34 1 0 0 0 0 0 0 0 0
35 1 0 0 0 0 0 0 0 0
36 1 0 0 0 0 0 0 0 0
37 1 0 0 0 0 0 0 0 0
38 1 0 0 0 0 0 0 0 0
39 1 0 0 0 0 0 0 0 0
40 1 0 0 0 0 0 0 0 0
41 1 0 0 0 0 0 0 0 0
42 1 0 0 0 0 0 0 0 0
43 1 0 0 0 0 0 0 0 0
44 1 1 1 0 0 0 0 0 0
45 1 0 0 0 0 0 0 0 0
46 1 0 0 0 0 0 0 0 0
47 1 0 0 1 0 0 0 0 0
fl=/build/eglibc-oGUzwX/eglibc-2.19/time/../sysdeps/generic/dl-hash.h
fn=gettimeofday
43 1 0 0 0 0 0 0 0 0
44 1 0 0 0 0 0 0 0 0
45 13 0 0 4 0 0 0 0 0
48 12 0 0 0 0 0 0 0 0
49 8 0 0 0 0 0 0 0 0
62 8 0 0 0 0 0 0 0 0
67 1 0 0 0 0 0 0 0 0
fn=time
43 1 0 0 0 0 0 0 0 0
44 1 1 1 0 0 0 0 0 0
45 13 1 1 4 1 1 0 0 0
48 12 0 0 0 0 0 0 0 0
49 8 0 0 0 0 0 0 0 0
62 8 0 0 0 0 0 0 0 0
67 1 0 0 0 0 0 0 0 0
fl=/build/eglibc-oGUzwX/eglibc-2.19/time/../sysdeps/unix/sysv/linux/x86_64/gettimeofday.c
fn=gettimeofday
30 1 0 0 0 0 0 0 0 0
31 7 2 2 0 0 0 4 0 0
34 3 1 1 0 0 0 1 0 0
35 3 0 0 0 0 0 0 0 0
36 3 0 0 1 0 0 0 0 0
fl=/build/eglibc-oGUzwX/eglibc-2.19/time/../sysdeps/unix/sysv/linux/x86_64/time.c
fn=time
36 1 0 0 0 0 0 0 0 0
37 7 1 1 0 0 0 4 0 0
40 6 0 0 0 0 0 1 0 0
41 3 0 0 1 0 0 0 0 0
fl=/home/sami/sami/orgaCompus1c2016/tp0.c
fn=checkArguments
21 5 1 1 0 0 0 3 0 0
22 1 0 0 0 0 0 1 0 0
23 2 1 1 1 0 0 0 0 0
28 2 1 1 1 0 0 0 0 0
35 1 1 1 1 0 0 0 0 0
36 2 0 0 2 0 0 0 0 0
fn=create_matrix
54 15 2 0 0 0 0 9 0 0
57 9 1 1 0 0 0 6 0 0
58 6 0 0 3 0 0 0 0 0
62 27 1 1 9 0 0 6 0 0
64 18 0 0 6 0 0 3 0 0
68 12 1 1 6 0 0 0 0 0
72 9 0 0 6 0 0 3 0 0
73 9 2 1 6 0 0 3 0 0
76 1376280 0 0 786441 0 0 3 0 0
77 1572864 0 0 589824 0 0 196608 24576 24576
81 3 1 1 3 0 0 0 0 0
82 6 0 0 6 0 0 0 0 0
fn=destroy_matrix
165 12 0 0 0 0 0 6 0 0
166 6 0 0 3 0 0 0 0 0
167 12 1 1 6 0 0 3 0 0
168 9 0 0 3 0 0 3 0 0
169 3 0 0 0 0 0 3 0 0
171 6 0 0 6 0 0 0 0 0
fn=main
227 5 1 1 0 0 0 3 0 0
229 7 0 0 2 0 0 1 0 0
233 6 1 1 0 0 0 4 0 0
234 10 0 0 2 0 0 2 0 0
235 2 0 0 0 0 0 0 0 0
237 2 0 0 1 0 0 0 0 0
239 1 1 1 0 0 0 1 0 0
240 4 0 0 2 0 0 1 0 0
241 2 0 0 1 0 0 0 0 0
248 8 1 1 2 0 0 2 1 0
250 4 0 0 0 0 0 1 0 0
251 4 0 0 1 0 0 2 1 0
252 4 1 1 0 0 0 1 0 0
253 11 0 0 4 1 0 1 0 0
254 6 1 1 2 0 0 1 0 0
257 8 0 0 2 0 0 2 1 0
258 4 0 0 0 0 0 1 0 0
259 4 1 1 1 0 0 2 1 0
260 4 0 0 0 0 0 1 0 0
261 11 1 1 4 1 0 1 0 0
262 6 0 0 2 0 0 1 0 0
264 8 0 0 2 0 0 2 1 0
266 4 1 1 0 0 0 1 0 0
267 6 0 0 4 0 0 1 0 0
268 4 0 0 0 0 0 1 0 0
269 11 1 1 4 1 0 1 1 0
270 6 0 0 2 1 0 1 0 0
275 3 1 1 1 0 0 1 0 0
276 3 0 0 1 0 0 1 0 0
277 3 0 0 1 0 0 1 0 0
283 5 0 0 1 0 0 1 0 0
286 2 1 0 2 0 0 0 0 0
fn=matrix_multiply
139 7 1 1 0 0 0 6 2 0
143 3 0 0 2 1 0 1 0 0
144 9 0 0 3 0 0 1 0 0
145 197 2 2 130 0 0 1 0 0
146 6304 0 0 4160 0 0 32 0 0
147 1053696 1 1 788480 0 0 1024 0 0
148 17039360 0 0 9437184 0 0 262144 0 0
149 23068672 1 1 12582912 262144 0 2097152 0 0
150 136314880 1 1 75497472 0 0 2097152 0 0
151 184549376 1 1 100663296 262144 0 16777216 0 0
152 184549376 0 0 100663296 8192 0 16777216 0 0
153 83886080 0 0 50331648 0 0 16777216 0 0
155 23068672 0 0 12582912 0 0 2097152 0 0
161 3 0 0 3 0 0 0 0 0
fn=readMatrix
84 8 0 0 0 0 0 4 0 0
85 4 0 0 0 0 0 2 0 0
88 14 0 0 8 1 0 2 0 0
90 655370 1 1 393220 0 0 2 0 0
91 1048576 1 1 131072 2 0 131072 0 0
92 655360 0 0 131072 0 0 131072 0 0
101 1048576 2 2 524288 0 0 131072 16384 0
113 2 0 0 2 0 0 0 0 0
114 4 0 0 4 0 0 0 0 0
fn=readMatrixDimension
40 6 2 1 0 0 0 2 0 0
42 2 0 0 0 0 0 2 0 0
43 21 0 0 3 0 0 3 0 0
44 5 1 1 1 0 0 1 0 0
49 2 0 0 2 0 0 0 0 0
50 4 0 0 4 0 0 0 0 0
fl=???
fn=???
0 262399 30 19 262285 18 0 43 1 1
fn=__libc_csu_init
0 34 3 3 8 1 0 8 0 0
fn=_dl_debug_initialize
0 4 1 1 3 0 0 0 0 0
fn=memcpy@GLIBC_2.2.5
0 12 1 1 4 0 0 0 0 0
summary: 944418868 1238 1175 425607653 535503 2047 88194738 41631 25086
